0.99997292	-0.00735900	0.00000000	0.00733021	0.99606160	0.08836036	-0.00065024	-0.08835796	0.99608857	
0.99997292	-0.00735900	0.00000000	0.00733021	0.99606160	0.08836036	-0.00065024	-0.08835796	0.99608857	
0.99997292	-0.00735900	0.00000000	0.00733021	0.99606160	0.08836036	-0.00065024	-0.08835796	0.99608857	
0.99998796	-0.00490800	0.00000000	0.00489333	0.99699843	0.07726696	-0.00037923	-0.07726603	0.99701044	
0.99996426	-0.00845500	0.00000000	0.00843275	0.99733367	0.07248757	-0.00061288	-0.07248498	0.99736932	
0.99994843	-0.01015600	0.00000000	0.01013021	0.99740914	0.07122068	-0.00072332	-0.07121701	0.99746058	
0.99998133	-0.00611100	0.00000000	0.00609870	0.99796815	0.06342219	-0.00038757	-0.06342101	0.99798679	
0.99998894	-0.00470400	0.00000000	0.00469823	0.99876290	0.04950354	-0.00023286	-0.04950299	0.99877395	
0.99997943	-0.00641400	0.00000000	0.00640835	0.99909820	0.04197287	-0.00026921	-0.04197201	0.99911875	
0.99999657	-0.00262100	0.00000000	0.00261972	0.99950619	0.03131311	-0.00008207	-0.03131301	0.99950962	
0.99999927	-0.00120900	0.00000000	0.00120877	0.99981047	0.01943100	-0.00002349	-0.01943099	0.99981120	
0.99999963	-0.00086300	0.00000000	0.00086294	0.99993117	0.01170101	-0.00001010	-0.01170100	0.99993154	
0.99999540	-0.00303200	0.00000000	0.00303185	0.99994630	0.00991005	-0.00003005	-0.00991000	0.99995089	
0.99997203	-0.00747900	0.00000000	0.00747880	0.99994530	0.00731221	-0.00005469	-0.00731200	0.99997327	
0.99991634	-0.01293500	0.00000000	0.01293491	0.99990904	0.00382032	-0.00004942	-0.00382000	0.99999270	
0.99994144	-0.01082200	0.00000000	0.01082191	0.99993236	-0.00426125	0.00004612	0.00426100	0.99999092	
0.99996302	-0.00860000	0.00000000	0.00859990	0.99995118	-0.00486518	0.00004184	0.00486500	0.99998816	
0.99997751	-0.00670600	0.00000000	0.00670600	0.99997749	0.00022201	-0.00000149	-0.00022200	0.99999998	
0.99995987	-0.00895900	0.00000000	0.00895893	0.99995188	0.00399616	-0.00003580	-0.00399600	0.99999202	
0.99994475	-0.01051200	0.00000000	0.01051140	0.99988784	0.01066859	-0.00011215	-0.01066800	0.99994309	
0.99996790	-0.00801300	0.00000000	0.00801221	0.99986969	0.01401445	-0.00011230	-0.01401400	0.99990179	
0.99996947	-0.00781400	0.00000000	0.00781339	0.99989052	0.01256539	-0.00009819	-0.01256501	0.99992105	
0.99991498	-0.01304000	0.00000000	0.01303798	0.99975938	0.01764051	-0.00023003	-0.01763901	0.99984439	
0.99985253	-0.01717300	0.00000000	0.01716723	0.99951622	0.02593483	-0.00044538	-0.02593101	0.99966364	
0.99982495	-0.01870999	0.00000000	0.01869862	0.99921747	0.03485408	-0.00065212	-0.03484798	0.99939241	
0.99984121	-0.01781999	0.00000000	0.01780321	0.99889971	0.04338688	-0.00077315	-0.04337999	0.99905835	
0.99988235	-0.01533901	0.00000000	0.01531836	0.99853640	0.05186912	-0.00079562	-0.05186302	0.99865389	
0.99996700	-0.00812400	0.00000000	0.00810778	0.99797149	0.06314405	-0.00051298	-0.06314197	0.99800442	
0.99999722	-0.00236000	0.00000000	0.00235456	0.99769213	0.06785920	-0.00016015	-0.06785901	0.99769491	
0.99999999	0.00015200	0.00000000	-0.00015157	0.99713814	0.07560101	0.00001149	-0.07560101	0.99713815	
0.99999793	0.00203500	0.00000000	-0.00202808	0.99659685	0.08240516	0.00016769	-0.08240499	0.99659891	
0.99999925	-0.00122300	0.00000000	0.00121954	0.99716674	0.07521304	-0.00009199	-0.07521298	0.99716749	
0.99997348	-0.00728300	0.00000000	0.00726201	0.99709097	0.07587401	-0.00055259	-0.07587200	0.99711741	
0.99997399	-0.00721300	0.00000000	0.00718585	0.99621079	0.08667424	-0.00062518	-0.08667198	0.99623671	
0.99999985	-0.00054700	0.00000000	0.00054494	0.99622517	0.08680503	-0.00004748	-0.08680501	0.99622532	
0.99999945	0.00104600	0.00000000	-0.00104154	0.99573236	0.09228208	0.00009653	-0.09228203	0.99573290	
0.99999565	0.00294800	0.00000000	-0.00293423	0.99532465	0.09654139	0.00028460	-0.09654097	0.99532897	
0.99999090	0.00426700	0.00000000	-0.00424565	0.99498773	0.09990688	0.00042630	-0.09990597	0.99499679	
0.99998316	0.00580400	0.00000000	-0.00576953	0.99404464	0.10882079	0.00063160	-0.10881896	0.99406138	
0.99999764	0.00217300	0.00000000	-0.00215812	0.99315108	0.11681729	0.00025384	-0.11681701	0.99315342	
0.99999865	-0.00164300	0.00000000	0.00163098	0.99268049	0.12075922	-0.00019841	-0.12075906	0.99268183	
0.99999267	-0.00383000	0.00000000	0.00380283	0.99289932	0.11889691	-0.00045538	-0.11889604	0.99290660	
0.99999883	-0.00152900	0.00000000	0.00151945	0.99375260	0.11159509	-0.00017063	-0.11159495	0.99375376	
0.99999619	0.00276200	0.00000000	-0.00274589	0.99416215	0.10786143	0.00029791	-0.10786102	0.99416594	
0.99998917	0.00465500	0.00000000	-0.00462780	0.99414684	0.10793815	0.00050245	-0.10793698	0.99415761	
0.99998312	0.00581100	0.00000000	-0.00577401	0.99361865	0.11264386	0.00065457	-0.11264196	0.99363543	
0.99998642	0.00521100	0.00000000	-0.00517710	0.99348165	0.11387451	0.00059340	-0.11387296	0.99349514	
0.99998855	0.00478600	0.00000000	-0.00475859	0.99426181	0.10686820	0.00051147	-0.10686698	0.99427320	
0.99999714	-0.00239100	0.00000000	0.00238077	0.99571752	0.09241722	-0.00022097	-0.09241696	0.99572037	
0.99997325	-0.00731500	0.00000000	0.00728190	0.99544801	0.09502754	-0.00069513	-0.09502500	0.99547464	
0.99999862	-0.00166100	0.00000000	0.00165080	0.99385726	0.11065718	-0.00018380	-0.11065703	0.99385864	
0.99993615	0.01130000	0.00000000	-0.01121450	0.99237032	0.12278188	0.00138744	-0.12277404	0.99243368	
0.99992067	0.01259600	0.00000000	-0.01250216	0.99247117	0.12183869	0.00153468	-0.12182902	0.99254992	
0.99997079	0.00764300	0.00000000	-0.00759313	0.99344618	0.11404835	0.00087167	-0.11404502	0.99347520	
0.99999962	0.00087500	0.00000000	-0.00087027	0.99459676	0.10381002	0.00009083	-0.10380998	0.99459714	
0.99999982	-0.00059600	0.00000000	0.00059278	0.99459916	0.10378903	-0.00006186	-0.10378902	0.99459933	
0.99998876	0.00474100	0.00000000	-0.00471113	0.99368832	0.11207730	0.00053136	-0.11207604	0.99369949	
0.99992587	0.01217600	0.00000000	-0.01209638	0.99338718	0.11417348	0.00139018	-0.11416502	0.99346083	
0.99994223	0.01074900	0.00000000	-0.01068440	0.99393297	0.10946732	0.00117666	-0.10946100	0.99399040	
0.99997310	0.00733500	0.00000000	-0.00729420	0.99441176	0.10531881	0.00077251	-0.10531597	0.99443851	
0.99997462	0.00712400	0.00000000	-0.00709175	0.99544873	0.09503439	0.00067702	-0.09503197	0.99547399	
0.99998237	0.00593800	0.00000000	-0.00591386	0.99591647	0.09008563	0.00053493	-0.09008404	0.99593402	
0.99997583	0.00695300	0.00000000	-0.00692329	0.99570298	0.09234523	0.00064208	-0.09234300	0.99572705	
0.99997690	0.00679700	0.00000000	-0.00676081	0.99465275	0.10305435	0.00070046	-0.10305197	0.99467573	
0.99998903	0.00468400	0.00000000	-0.00465635	0.99408683	0.10848817	0.00050816	-0.10848698	0.99409774	
0.99999803	0.00198400	0.00000000	-0.00197225	0.99407699	0.10866021	0.00021558	-0.10866000	0.99407895	
0.99999803	-0.00198400	0.00000000	0.00197324	0.99457375	0.10401518	-0.00020637	-0.10401497	0.99457571	
0.99999254	-0.00386200	0.00000000	0.00384288	0.99504236	0.09937778	-0.00038380	-0.09937704	0.99504978	
0.99997503	-0.00706700	0.00000000	0.00703304	0.99517008	0.09791345	-0.00069195	-0.09791101	0.99519493	
0.99995721	-0.00925100	0.00000000	0.00920202	0.99466233	0.10277243	-0.00095075	-0.10276803	0.99470489	
0.99995386	-0.00960600	0.00000000	0.00955764	0.99491994	0.10021462	-0.00096266	-0.10020999	0.99496584	
0.99991338	-0.01316200	0.00000000	0.01309933	0.99515230	0.09746947	-0.00128289	-0.09746103	0.99523852	
0.99988406	-0.01522700	0.00000000	0.01515064	0.99486981	0.10002258	-0.00152304	-0.10001098	0.99498517	
0.99987572	-0.01576500	0.00000000	0.01568346	0.99470470	0.10157059	-0.00160126	-0.10155797	0.99482833	
0.99985963	-0.01675500	0.00000000	0.01666966	0.99476683	0.10080213	-0.00168894	-0.10078798	0.99490649	
0.99983860	-0.01796600	0.00000000	0.01787469	0.99475694	0.10069325	-0.00180905	-0.10067699	0.99491752	
0.99983520	-0.01815401	0.00000000	0.01806114	0.99472037	0.10102069	-0.00183393	-0.10100404	0.99488433	
0.99979509	-0.02024301	0.00000000	0.02013226	0.99432525	0.10446043	-0.00211459	-0.10443903	0.99452904	
0.99977472	-0.02122500	0.00000000	0.02109221	0.99351989	0.11168415	-0.00237050	-0.11165899	0.99374376	
0.99976056	-0.02188199	0.00000000	0.02172981	0.99280761	0.11773214	-0.00257621	-0.11770395	0.99304539	
0.99962685	-0.02731599	0.00000000	0.02711583	0.99230182	0.12083807	-0.00330081	-0.12079298	0.99267223	
0.99957813	-0.02904398	0.00000000	0.02883415	0.99235646	0.11998855	-0.00348495	-0.11993793	0.99277528	
0.99948953	-0.03194798	0.00000000	0.03171087	0.99207152	0.12160802	-0.00388513	-0.12154594	0.99257820	
0.99945779	-0.03292601	0.00000000	0.03267444	0.99182144	0.12337995	-0.00406241	-0.12331305	0.99235951	
0.99943139	-0.03371800	0.00000000	0.03346867	0.99204097	0.12138602	-0.00409289	-0.12131700	0.99260538	
0.99937535	-0.03534001	0.00000000	0.03509163	0.99235133	0.11835297	-0.00418260	-0.11827904	0.99297159	
0.99936391	-0.03566200	0.00000000	0.03542619	0.99275593	0.11480702	-0.00409425	-0.11473399	0.99338781	
0.99940494	-0.03449300	0.00000000	0.03427736	0.99315699	0.11164343	-0.00385092	-0.11157700	0.99374833	
0.99945301	-0.03307099	0.00000000	0.03286807	0.99332064	0.11060646	-0.00365786	-0.11054596	0.99386428	
0.99956896	-0.02935801	0.00000000	0.02918705	0.99374825	0.10776148	-0.00316366	-0.10771503	0.99417678	
0.99965813	-0.02614600	0.00000000	0.02600374	0.99421902	0.10417462	-0.00272375	-0.10413900	0.99455902	
0.99964098	-0.02679400	0.00000000	0.02665438	0.99443190	0.10195459	-0.00273177	-0.10191799	0.99478905	
0.99967237	-0.02559601	0.00000000	0.02546635	0.99460836	0.10052697	-0.00257309	-0.10049404	0.99493433	
0.99969580	-0.02466399	0.00000000	0.02454311	0.99479645	0.09888203	-0.00243882	-0.09885195	0.99509916	
0.99969330	-0.02476501	0.00000000	0.02464610	0.99489338	0.09787606	-0.00242390	-0.09784604	0.99519861	
0.99966379	-0.02592900	0.00000000	0.02580021	0.99469817	0.09954849	-0.00258119	-0.09951502	0.99503271	
0.99964475	-0.02665301	0.00000000	0.02651409	0.99443435	0.10196726	-0.00271773	-0.10193104	0.99478776	
0.99955719	-0.02975599	0.00000000	0.02959671	0.99420672	0.10332973	-0.00307468	-0.10328397	0.99464716	
0.99941354	-0.03424299	0.00000000	0.03405971	0.99406458	0.10332255	-0.00353807	-0.10326196	0.99464790	
0.99937255	-0.03541901	0.00000000	0.03524239	0.99438925	0.09973961	-0.00353268	-0.09967703	0.99501357	
0.99935089	-0.03602498	0.00000000	0.03585201	0.99455258	0.09787649	-0.00352600	-0.09781296	0.99519857	
0.99945370	-0.03305000	0.00000000	0.03289690	0.99482400	0.09614052	-0.00317744	-0.09608800	0.99536777	
0.99950388	-0.03149601	0.00000000	0.03136704	0.99541119	0.09040287	-0.00284733	-0.09035802	0.99590528	
0.99947404	-0.03242900	0.00000000	0.03231229	0.99587694	0.08476458	-0.00274883	-0.08472000	0.99640101	
0.99941333	-0.03424901	0.00000000	0.03414548	0.99639231	0.07769461	-0.00266096	-0.07764902	0.99697721	
0.99945214	-0.03309699	0.00000000	0.03301079	0.99684885	0.07212951	-0.00238727	-0.07208999	0.99739527	
0.99956085	-0.02963300	0.00000000	0.02955969	0.99708805	0.07029687	-0.00208311	-0.07026600	0.99752611	
0.99964111	-0.02678900	0.00000000	0.02672288	0.99717393	0.07021419	-0.00188097	-0.07018900	0.99753194	
0.99973847	-0.02286899	0.00000000	0.02280909	0.99711977	0.07233190	-0.00165416	-0.07231298	0.99738062	
0.99983056	-0.01840800	0.00000000	0.01836201	0.99733286	0.07063996	-0.00130034	-0.07062799	0.99750188	
0.99984378	-0.01767501	0.00000000	0.01763963	0.99784239	0.06324090	-0.00111778	-0.06323102	0.99799829	
0.99984322	-0.01770701	0.00000000	0.01767106	0.99781339	0.06368801	-0.00112772	-0.06367803	0.99796986	
0.99984244	-0.01775101	0.00000000	0.01771630	0.99788759	0.06250188	-0.00110947	-0.06249204	0.99804485	
0.99979245	-0.02037299	0.00000000	0.02033397	0.99787763	0.06186082	-0.00126029	-0.06184798	0.99808479	
0.99975649	-0.02206700	0.00000000	0.02201778	0.99752622	0.06675827	-0.00147316	-0.06674201	0.99776918	
0.99977268	-0.02132101	0.00000000	0.02127439	0.99758658	0.06609406	-0.00140919	-0.06607904	0.99781340	
0.99966555	-0.02586100	0.00000000	0.02581878	0.99803381	0.05711309	-0.00147700	-0.05709399	0.99836772	
0.99959419	-0.02848599	0.00000000	0.02843816	0.99791572	0.05792649	-0.00165009	-0.05790298	0.99832085	
0.99962876	-0.02724600	0.00000000	0.02720512	0.99812895	0.05475833	-0.00149195	-0.05473800	0.99849964	
0.99951135	-0.03125801	0.00000000	0.03122336	0.99840334	0.04707302	-0.00147141	-0.04705002	0.99889145	
0.99948726	-0.03201901	0.00000000	0.03198056	0.99828724	0.04898813	-0.00156855	-0.04896301	0.99879936	
0.99957630	-0.02910699	0.00000000	0.02907529	0.99848774	0.04665676	-0.00135804	-0.04663699	0.99891098	
0.99961606	-0.02770801	0.00000000	0.02768554	0.99880535	0.04026647	-0.00111570	-0.04025101	0.99918898	
0.99959331	-0.02851701	0.00000000	0.02849659	0.99887736	0.03784140	-0.00107912	-0.03782601	0.99928376	
0.99962386	-0.02742499	0.00000000	0.02740422	0.99886677	0.03891263	-0.00106718	-0.03889799	0.99924262	
0.99965336	-0.02632799	0.00000000	0.02630653	0.99883852	0.04036797	-0.00106281	-0.04035398	0.99918488	
0.99969253	-0.02479599	0.00000000	0.02477530	0.99885859	0.04083754	-0.00101261	-0.04082498	0.99916580	
0.99970936	-0.02410801	0.00000000	0.02408877	0.99891149	0.03994463	-0.00096299	-0.03993302	0.99920189	
0.99971210	-0.02399400	0.00000000	0.02397211	0.99880012	0.04270430	-0.00102465	-0.04269201	0.99908776	
0.99972424	-0.02348300	0.00000000	0.02345881	0.99869416	0.04538352	-0.00106574	-0.04537101	0.99896964	
0.99966384	-0.02592699	0.00000000	0.02589578	0.99846055	0.04905047	-0.00127173	-0.04903398	0.99879630	
0.99966436	-0.02590700	0.00000000	0.02586968	0.99822410	0.05366002	-0.00139017	-0.05364201	0.99855926	
0.99970854	-0.02414199	0.00000000	0.02410294	0.99809160	0.05685255	-0.00137253	-0.05683598	0.99838259	
0.99972016	-0.02365600	0.00000000	0.02361310	0.99790719	0.06019686	-0.00142402	-0.06018001	0.99818652	
0.99975159	-0.02228800	0.00000000	0.02224187	0.99768214	0.06430898	-0.00143332	-0.06429301	0.99793003	
0.99977245	-0.02133200	0.00000000	0.02128565	0.99760010	0.06588600	-0.00140548	-0.06587101	0.99782716	
0.99982999	-0.01843899	0.00000000	0.01839150	0.99725464	0.07172817	-0.00132260	-0.07171597	0.99742422	
0.99990233	-0.01397600	0.00000000	0.01393660	0.99708386	0.07503032	-0.00104862	-0.07502299	0.99718125	
0.99994348	-0.01063200	0.00000000	0.01060326	0.99724016	0.07348217	-0.00078126	-0.07347801	0.99729653	
0.99996860	-0.00792500	0.00000000	0.00790283	0.99717104	0.07474935	-0.00059239	-0.07474700	0.99720235	
0.99998894	-0.00470300	0.00000000	0.00469003	0.99723170	0.07420880	-0.00034900	-0.07420798	0.99724273	
0.99999035	-0.00439400	0.00000000	0.00438314	0.99751868	0.07026566	-0.00030875	-0.07026498	0.99752831	
0.99996393	-0.00849300	0.00000000	0.00847161	0.99744550	0.07092752	-0.00060239	-0.07092496	0.99748147	
0.99995282	-0.00971400	0.00000000	0.00968758	0.99723322	0.07370249	-0.00071595	-0.07369902	0.99728027	
0.99991524	-0.01301999	0.00000000	0.01298165	0.99697059	0.07668847	-0.00099848	-0.07668197	0.99705510	
0.99982525	-0.01869399	0.00000000	0.01863368	0.99659962	0.08026199	-0.00150042	-0.08024797	0.99677380	
0.99978584	-0.02069500	0.00000000	0.02062060	0.99619122	0.08472216	-0.00175333	-0.08470402	0.99640461	
0.99978103	-0.02092599	0.00000000	0.02085400	0.99634164	0.08287612	-0.00173427	-0.08285797	0.99655986	
0.99963099	-0.02716399	0.00000000	0.02708887	0.99686665	0.07431740	-0.00201876	-0.07428997	0.99723464	
0.99957449	-0.02916901	0.00000000	0.02909479	0.99703118	0.07129035	-0.00207947	-0.07126001	0.99745561	
0.99962930	-0.02722601	0.00000000	0.02716429	0.99736320	0.06729596	-0.00183220	-0.06727101	0.99773306	
0.99966759	-0.02578201	0.00000000	0.02573064	0.99767552	0.06309901	-0.00162682	-0.06307803	0.99800727	
0.99974157	-0.02273299	0.00000000	0.02269133	0.99790960	0.06051061	-0.00137559	-0.06049498	0.99816755	
0.99984681	-0.01750300	0.00000000	0.01747418	0.99820023	0.05736680	-0.00100409	-0.05735801	0.99835317	
0.99994217	-0.01075400	0.00000000	0.01073569	0.99823920	0.05833738	-0.00062736	-0.05833401	0.99829692	
0.99999233	-0.00391700	0.00000000	0.00391066	0.99837300	0.05688644	-0.00022282	-0.05688600	0.99838066	
0.99999784	-0.00208000	0.00000000	0.00207721	0.99865651	0.05177709	-0.00010770	-0.05177697	0.99865867	
0.99999511	-0.00312700	0.00000000	0.00312247	0.99854597	0.05381626	-0.00016828	-0.05381600	0.99855085	
0.99999435	-0.00336300	0.00000000	0.00335762	0.99839490	0.05653631	-0.00019013	-0.05653599	0.99840054	
0.99998922	-0.00464400	0.00000000	0.00463697	0.99847506	0.05500960	-0.00025546	-0.05500900	0.99848583	
0.99994050	-0.01090900	0.00000000	0.01088956	0.99815873	0.05967053	-0.00065095	-0.05966698	0.99821813	
0.99989966	-0.01416601	0.00000000	0.01413827	0.99794154	0.06255231	-0.00088612	-0.06254603	0.99804169	
0.99986416	-0.01648200	0.00000000	0.01644938	0.99788524	0.06288456	-0.00103646	-0.06287602	0.99802081	
0.99983797	-0.01800099	0.00000000	0.01796397	0.99778150	0.06410435	-0.00115394	-0.06409397	0.99794320	
0.99981058	-0.01946300	0.00000000	0.01942282	0.99774679	0.06421915	-0.00124990	-0.06420699	0.99793582	
0.99979114	-0.02043701	0.00000000	0.02039700	0.99783426	0.06253608	-0.00127805	-0.06252302	0.99804270	
0.99973040	-0.02321900	0.00000000	0.02316618	0.99745603	0.06741518	-0.00156531	-0.06739700	0.99772501	
0.99974698	-0.02249401	0.00000000	0.02243349	0.99705741	0.07330258	-0.00164887	-0.07328403	0.99730975	
0.99974508	-0.02257800	0.00000000	0.02251370	0.99689795	0.07541622	-0.00170275	-0.07539700	0.99715214	
0.99974797	-0.02245001	0.00000000	0.02237903	0.99658729	0.07945405	-0.00178374	-0.07943402	0.99683853	
0.99980601	-0.01969600	0.00000000	0.01962950	0.99643019	0.08210694	-0.00161718	-0.08209102	0.99662352	
0.99984315	-0.01771100	0.00000000	0.01764927	0.99635816	0.08342010	-0.00147745	-0.08340701	0.99651447	
0.99982658	-0.01862301	0.00000000	0.01855772	0.99632141	0.08366154	-0.00155803	-0.08364703	0.99649423	
0.99974871	-0.02241699	0.00000000	0.02233367	0.99603272	0.08613962	-0.00193099	-0.08611798	0.99628308	
0.99961183	-0.02786001	0.00000000	0.02773727	0.99520824	0.09376142	-0.00261219	-0.09372502	0.99559469	
0.99948511	-0.03208598	0.00000000	0.03191412	0.99413145	0.10336416	-0.00331654	-0.10331094	0.99464358	
0.99945469	-0.03301999	0.00000000	0.03281522	0.99325672	0.11119460	-0.00367164	-0.11113397	0.99379865	
0.99941521	-0.03419399	0.00000000	0.03398428	0.99328584	0.11058165	-0.00378123	-0.11051698	0.99386704	
0.99930292	-0.03733199	0.00000000	0.03709529	0.99296683	0.11243135	-0.00419729	-0.11235298	0.99365949	
0.99929467	-0.03755202	0.00000000	0.03729911	0.99256454	0.11586378	-0.00435092	-0.11578206	0.99326511	
0.99929640	-0.03750598	0.00000000	0.03724300	0.99228958	0.11821312	-0.00443370	-0.11812995	0.99298825	
0.99918116	-0.04046001	0.00000000	0.04016089	0.99179425	0.12137242	-0.00491073	-0.12127303	0.99260704	
0.99923052	-0.03922200	0.00000000	0.03890781	0.99122608	0.12632121	-0.00495457	-0.12622401	0.99198939	
0.99921121	-0.03971100	0.00000000	0.03941198	0.99168706	0.12248863	-0.00486415	-0.12239201	0.99246992	
0.99897442	-0.04527802	0.00000000	0.04494066	0.99153133	0.12184400	-0.00551685	-0.12171904	0.99254926	
0.99890212	-0.04684599	0.00000000	0.04648861	0.99128177	0.12328532	-0.00577542	-0.12314997	0.99237127	
0.99901929	-0.04427699	0.00000000	0.04393583	0.99132175	0.12389848	-0.00548585	-0.12377697	0.99229490	
0.99922040	-0.03947899	0.00000000	0.03918754	0.99184370	0.12128652	-0.00478827	-0.12119196	0.99261754	
0.99917564	-0.04059600	0.00000000	0.04028088	0.99141990	0.12435450	-0.00504829	-0.12425199	0.99223785	
0.99929343	-0.03758501	0.00000000	0.03730119	0.99174731	0.12266171	-0.00461024	-0.12257504	0.99244854	
0.99914489	-0.04134599	0.00000000	0.04103061	0.99152366	0.12327737	-0.00509702	-0.12317196	0.99237225	
0.99916668	-0.04081598	0.00000000	0.04047496	0.99081857	0.12899744	-0.00526516	-0.12888994	0.99164493	
0.99917532	-0.04060398	0.00000000	0.04023028	0.98997945	0.13535955	-0.00549614	-0.13524793	0.99079654	
0.99925126	-0.03868999	0.00000000	0.03831289	0.98951184	0.13927826	-0.00538868	-0.13917398	0.99025328	
0.99914733	-0.04128698	0.00000000	0.04087368	0.98914547	0.14114027	-0.00582726	-0.14101992	0.98998961	
0.99910707	-0.04224998	0.00000000	0.04182560	0.98907156	0.14137918	-0.00597327	-0.14125294	0.98995552	
0.99901898	-0.04428400	0.00000000	0.04381643	0.98847093	0.14493217	-0.00641818	-0.14478999	0.98944159	
0.99922616	-0.03933299	0.00000000	0.03891418	0.98858668	0.14554058	-0.00572455	-0.14542795	0.98935228	
0.99922683	-0.03931599	0.00000000	0.03892055	0.98917667	0.14147334	-0.00556216	-0.14136395	0.98994207	
0.99923952	-0.03899200	0.00000000	0.03861386	0.98954901	0.13893065	-0.00541718	-0.13882500	0.99030211	
0.99920535	-0.03985802	0.00000000	0.03948126	0.98976038	0.13717005	-0.00546733	-0.13706105	0.99054751	
0.99944380	-0.03334799	0.00000000	0.03304015	0.99021775	0.13556237	-0.00452073	-0.13548697	0.99076882	
0.99945234	-0.03309101	0.00000000	0.03279817	0.99060744	0.13274476	-0.00439266	-0.13267206	0.99115026	
0.99954575	-0.03013801	0.00000000	0.02986874	0.99061536	0.13337564	-0.00401968	-0.13331505	0.99106556	
0.99968753	-0.02499699	0.00000000	0.02474328	0.98954080	0.14211538	-0.00355246	-0.14207097	0.98985010	
0.99982702	-0.01859899	0.00000000	0.01840026	0.98914367	0.14579517	-0.00271164	-0.14576995	0.98931480	
0.99982420	-0.01874999	0.00000000	0.01856235	0.98981850	0.14111974	-0.00264599	-0.14109493	0.98999254	
0.99969481	-0.02470400	0.00000000	0.02446775	0.99013482	0.13796508	-0.00340829	-0.13792298	0.99043709	
0.99973523	-0.02301000	0.00000000	0.02279146	0.99024015	0.13749543	-0.00316377	-0.13745902	0.99050240	
0.99977908	-0.02101900	0.00000000	0.02082316	0.99046386	0.13619007	-0.00286258	-0.13615998	0.99068273	
0.99966849	-0.02574699	0.00000000	0.02549874	0.99002966	0.13853188	-0.00356678	-0.13848595	0.99035798	
0.99963697	-0.02694299	0.00000000	0.02668455	0.99004855	0.13817310	-0.00372280	-0.13812294	0.99040810	
0.99967808	-0.02537199	0.00000000	0.02514535	0.99074850	0.13336086	-0.00338363	-0.13331793	0.99106755	
0.99966503	-0.02588099	0.00000000	0.02564971	0.99073170	0.13338964	-0.00345226	-0.13334496	0.99106367	
0.99970740	-0.02418899	0.00000000	0.02397271	0.99076866	0.13342700	-0.00322746	-0.13338795	0.99105864	
0.99975700	-0.02204399	0.00000000	0.02185930	0.99138067	0.12917635	-0.00284756	-0.12914496	0.99162164	
0.99976829	-0.02152599	0.00000000	0.02134119	0.99118549	0.13075123	-0.00281455	-0.13072093	0.99141521	
0.99983181	-0.01834000	0.00000000	0.01817909	0.99105992	0.13217322	-0.00242406	-0.13215099	0.99122663	
0.99989774	-0.01430100	0.00000000	0.01417632	0.99118034	0.13175952	-0.00188429	-0.13174604	0.99128171	
0.99987346	-0.01590800	0.00000000	0.01575235	0.99009076	0.13954262	-0.00221984	-0.13952497	0.99021607	
0.99988692	-0.01503800	0.00000000	0.01488385	0.98963775	0.14281311	-0.00214762	-0.14279696	0.98974967	
0.99977069	-0.02141401	0.00000000	0.02120336	0.98993631	0.13991613	-0.00299616	-0.13988404	0.99016336	
0.99968580	-0.02506601	0.00000000	0.02481649	0.98973434	0.14074827	-0.00352800	-0.14070405	0.99004542	
0.99969705	-0.02461301	0.00000000	0.02437776	0.99014223	0.13792782	-0.00339482	-0.13788603	0.99044228	
0.99960787	-0.02800201	0.00000000	0.02774193	0.99032345	0.13597738	-0.00380764	-0.13592406	0.99071194	
0.99969330	-0.02476500	0.00000000	0.02453651	0.99046985	0.13552654	-0.00335631	-0.13548498	0.99077372	
0.99970663	-0.02422099	0.00000000	0.02402748	0.99171965	0.12615396	-0.00305557	-0.12611696	0.99201067	
0.99961220	-0.02784700	0.00000000	0.02762040	0.99147802	0.12731238	-0.00354527	-0.12726300	0.99186267	
0.99973820	-0.02288100	0.00000000	0.02269642	0.99167319	0.12676421	-0.00290049	-0.12673102	0.99193288	
0.99980546	-0.01972400	0.00000000	0.01956982	0.99199000	0.12479128	-0.00246138	-0.12476700	0.99218302	
0.99987016	-0.01611400	0.00000000	0.01599040	0.99220091	0.12361904	-0.00199200	-0.12360299	0.99232975	
0.99992928	-0.01189300	0.00000000	0.01180211	0.99228711	0.12339774	-0.00146757	-0.12338901	0.99235729	
0.99997156	-0.00754200	0.00000000	0.00748132	0.99192684	0.12659058	-0.00095475	-0.12658698	0.99195505	
0.99998699	-0.00510000	0.00000000	0.00505622	0.99140317	0.13074472	-0.00066680	-0.13074302	0.99141607	
0.99998726	-0.00504800	0.00000000	0.00500426	0.99132227	0.13135871	-0.00066310	-0.13135704	0.99133490	
0.99999284	-0.00378500	0.00000000	0.00375315	0.99157756	0.12945987	-0.00049001	-0.12945894	0.99158466	
0.99998831	-0.00483500	0.00000000	0.00479995	0.99273913	0.12019142	-0.00058113	-0.12019002	0.99275074	
0.99996572	-0.00828000	0.00000000	0.00822502	0.99332612	0.11504596	-0.00095258	-0.11504201	0.99336017	
0.99995799	-0.00916600	0.00000000	0.00910763	0.99359029	0.11267377	-0.00103277	-0.11266903	0.99363204	
0.99996901	-0.00787300	0.00000000	0.00782588	0.99398379	0.10924736	-0.00086010	-0.10924398	0.99401459	
0.99997715	-0.00676000	0.00000000	0.00672250	0.99443012	0.10518342	-0.00071104	-0.10518101	0.99445284	
0.99997755	-0.00670000	0.00000000	0.00666571	0.99486011	0.10103928	-0.00067696	-0.10103701	0.99488244	
0.99999572	-0.00292700	0.00000000	0.00291214	0.99491941	0.10063247	-0.00029455	-0.10063204	0.99492367	
0.99999985	0.00054900	0.00000000	-0.00054637	0.99520122	0.09784804	0.00005372	-0.09784802	0.99520137	
0.99999877	0.00157000	0.00000000	-0.00156250	0.99521949	0.09765107	0.00015331	-0.09765095	0.99522071	
0.99999587	0.00287300	0.00000000	-0.00285783	0.99471411	0.10264343	0.00029489	-0.10264301	0.99471821	
0.99999363	0.00356900	0.00000000	-0.00354852	0.99425541	0.10697473	0.00038179	-0.10697404	0.99426174	
0.99999682	0.00252100	0.00000000	-0.00250578	0.99395868	0.10972631	0.00027662	-0.10972596	0.99396184	
0.99999970	0.00078100	0.00000000	-0.00077609	0.99371037	0.11197808	0.00008745	-0.11197804	0.99371068	
0.99999990	0.00044300	0.00000000	-0.00044027	0.99383571	0.11086198	0.00004911	-0.11086197	0.99383581	
0.99999746	-0.00225300	0.00000000	0.00223977	0.99412551	0.10821022	-0.00024380	-0.10820995	0.99412803	
0.99997702	-0.00677900	0.00000000	0.00673883	0.99405258	0.10869245	-0.00073683	-0.10868995	0.99407543	
0.99997107	-0.00760700	0.00000000	0.00756043	0.99384890	0.11048619	-0.00084047	-0.11048299	0.99387766	
0.99996612	-0.00823100	0.00000000	0.00818137	0.99393751	0.10964166	-0.00090246	-0.10963795	0.99397118	
0.99992817	-0.01198599	0.00000000	0.01192002	0.99442446	0.10477547	-0.00125584	-0.10476794	0.99449590	
0.99985862	-0.01681500	0.00000000	0.01673122	0.99487686	0.09970008	-0.00167646	-0.09968599	0.99501753	
0.99982104	-0.01891801	0.00000000	0.01882657	0.99498835	0.09820261	-0.00185780	-0.09818503	0.99516644	
0.99981857	-0.01904799	0.00000000	0.01895685	0.99503469	0.09770670	-0.00186112	-0.09768897	0.99521525	
0.99981101	-0.01944100	0.00000000	0.01935434	0.99535417	0.09431584	-0.00183359	-0.09429802	0.99554233	
0.99978693	-0.02064199	0.00000000	0.02055940	0.99578664	0.08936601	-0.00184469	-0.08934697	0.99599885	
0.99981503	-0.01923301	0.00000000	0.01915857	0.99594546	0.08789530	-0.00169049	-0.08787904	0.99612972	
0.99984838	-0.01741301	0.00000000	0.01733999	0.99565548	0.09148491	-0.00159303	-0.09147104	0.99580646	
0.99987858	-0.01558299	0.00000000	0.01551007	0.99519955	0.09662969	-0.00150578	-0.09661796	0.99532040	
0.99993638	-0.01128000	0.00000000	0.01123103	0.99559501	0.09308292	-0.00104998	-0.09307700	0.99565836	
0.99992276	-0.01242900	0.00000000	0.01238000	0.99598102	0.08870485	-0.00110251	-0.08869800	0.99605795	
0.99992142	-0.01253600	0.00000000	0.01248871	0.99614967	0.08677479	-0.00108781	-0.08676797	0.99622795	
0.99997332	-0.00730500	0.00000000	0.00727699	0.99613976	0.08747931	-0.00063904	-0.08747698	0.99616634	
0.99998647	-0.00520100	0.00000000	0.00518354	0.99662978	0.08186709	-0.00042579	-0.08186598	0.99664326	
0.99997590	-0.00694300	0.00000000	0.00692147	0.99687480	0.07869388	-0.00054637	-0.07869198	0.99689883	
0.99998529	-0.00542400	0.00000000	0.00541035	0.99746968	0.07088702	-0.00038449	-0.07088598	0.99748435	
0.99998516	-0.00544700	0.00000000	0.00543515	0.99781004	0.06592098	-0.00035907	-0.06592000	0.99782485	
0.99999218	-0.00395500	0.00000000	0.00394753	0.99810417	0.06142049	-0.00024292	-0.06142001	0.99811198	
0.99999053	-0.00435100	0.00000000	0.00434446	0.99848798	0.05479852	-0.00023843	-0.05479800	0.99849743	
0.99998076	-0.00620400	0.00000000	0.00619628	0.99873590	0.04988195	-0.00030947	-0.04988099	0.99875512	
0.99996663	-0.00816900	0.00000000	0.00816086	0.99897041	0.04462651	-0.00036455	-0.04462502	0.99900374	
0.99996103	-0.00882800	0.00000000	0.00882117	0.99918771	0.03932052	-0.00034712	-0.03931899	0.99922665	
0.99992241	-0.01245700	0.00000000	0.01245021	0.99937722	0.03301757	-0.00041130	-0.03301501	0.99945477	
0.99985190	-0.01721000	0.00000000	0.01720219	0.99939872	0.03010445	-0.00051810	-0.03009999	0.99954676	
0.99982639	-0.01863300	0.00000000	0.01862518	0.99940700	0.02896103	-0.00053963	-0.02895600	0.99958054	
0.99980876	-0.01955600	0.00000000	0.01955011	0.99950790	0.02453069	-0.00047972	-0.02452600	0.99969908	
0.99976028	-0.02189500	0.00000000	0.02188947	0.99950778	0.02247338	-0.00049205	-0.02246800	0.99974744	
0.99980739	-0.01962599	0.00000000	0.01962260	0.99963472	0.01858457	-0.00036474	-0.01858099	0.99982729	
0.99978909	-0.02053701	0.00000000	0.02053539	0.99971044	0.01254365	-0.00025761	-0.01254101	0.99992133	
0.99979408	-0.02029300	0.00000000	0.02029260	0.99977421	0.00630430	-0.00012793	-0.00630300	0.99998013	
0.99977504	-0.02120999	0.00000000	0.02120997	0.99977441	-0.00112525	0.00002387	0.00112500	0.99999937	
0.99972845	-0.02330301	0.00000000	0.02330288	0.99972325	-0.00322588	0.00007517	0.00322500	0.99999480	
0.99983091	-0.01838900	0.00000000	0.01838864	0.99981120	-0.00627806	0.00011545	0.00627700	0.99998029	
0.99986261	-0.01657599	0.00000000	0.01657434	0.99976268	-0.01413794	0.00023435	0.01413600	0.99990005	
0.99990619	-0.01369700	0.00000000	0.01369474	0.99974172	-0.01813670	0.00024842	0.01813499	0.99983552	
0.99996078	-0.00885600	0.00000000	0.00885364	0.99969428	-0.02308591	0.00020445	0.02308501	0.99973348	
0.99997908	-0.00646900	0.00000000	0.00646688	0.99965036	-0.02563855	0.00016586	0.02563801	0.99967128	
0.99999087	-0.00427200	0.00000000	0.00427034	0.99960340	-0.02783524	0.00011891	0.02783498	0.99961252	
0.99999540	-0.00303400	0.00000000	0.00303246	0.99948790	-0.03185514	0.00009665	0.03185500	0.99949250	
0.99999290	-0.00376700	0.00000000	0.00376397	0.99918789	-0.04011728	0.00015112	0.04011700	0.99919498	
0.99998031	-0.00627500	0.00000000	0.00626766	0.99881099	-0.04834595	0.00030337	0.04834500	0.99883065	
0.99998695	-0.00510900	0.00000000	0.00510080	0.99838210	-0.05663175	0.00028933	0.05663101	0.99839513	
0.99998629	-0.00523600	0.00000000	0.00522604	0.99808416	-0.06164985	0.00032280	0.06164901	0.99809784	
0.99998308	-0.00581700	0.00000000	0.00580447	0.99782872	-0.06560609	0.00038163	0.06560498	0.99784560	
0.99998941	-0.00460200	0.00000000	0.00458993	0.99736549	-0.07239480	0.00033316	0.07239404	0.99737605	
0.99999286	-0.00378000	0.00000000	0.00376920	0.99713675	-0.07552552	0.00028549	0.07552498	0.99714387	
0.99999725	-0.00234700	0.00000000	0.00234018	0.99709270	-0.07616219	0.00017875	0.07616198	0.99709544	
0.99999999	0.00013800	0.00000000	-0.00013761	0.99715774	-0.07534198	-0.00001040	0.07534198	0.99715775	
1.00000000	-0.00008300	0.00000000	0.00008277	0.99723697	-0.07428600	0.00000617	0.07428600	0.99723698	
0.99999982	0.00060700	0.00000000	-0.00060545	0.99744651	-0.07141498	-0.00004335	0.07141496	0.99744669	
0.99999990	0.00044100	0.00000000	-0.00043995	0.99760749	-0.06913104	-0.00003049	0.06913103	0.99760759	
0.99999979	-0.00064900	0.00000000	0.00064754	0.99775377	-0.06698500	0.00004347	0.06698498	0.99775398	
0.99999945	-0.00104900	0.00000000	0.00104670	0.99780304	-0.06624204	0.00006949	0.06624200	0.99780358	
0.99999687	-0.00250300	0.00000000	0.00249731	0.99772384	-0.06738620	0.00016867	0.06738599	0.99772697	
0.99998574	-0.00534100	0.00000000	0.00532855	0.99765580	-0.06822396	0.00036438	0.06822299	0.99767003	
0.99997826	-0.00659400	0.00000000	0.00657868	0.99765487	-0.06812847	0.00044924	0.06812699	0.99767656	
0.99997312	-0.00733200	0.00000000	0.00731550	0.99772268	-0.06705178	0.00049162	0.06704998	0.99774950	
0.99997932	-0.00643100	0.00000000	0.00641738	0.99786109	-0.06505435	0.00041836	0.06505301	0.99788172	
0.99998027	-0.00628100	0.00000000	0.00626757	0.99784198	-0.06536129	0.00041053	0.06536000	0.99786166	
0.99999228	-0.00392900	0.00000000	0.00392169	0.99813223	-0.06096448	0.00023953	0.06096401	0.99813994	
0.99999973	-0.00073600	0.00000000	0.00073473	0.99828086	-0.05860701	0.00004313	0.05860699	0.99828113	
0.99999991	0.00042500	0.00000000	-0.00042426	0.99825150	-0.05910804	-0.00002512	0.05910803	0.99825159	
0.99999993	0.00037300	0.00000000	-0.00037243	0.99847187	-0.05526100	-0.00002061	0.05526099	0.99847194	
0.99999869	0.00161600	0.00000000	-0.00161400	0.99876169	-0.04972405	-0.00008035	0.04972398	0.99876299	
0.99999889	0.00148900	0.00000000	-0.00148734	0.99888354	-0.04721708	-0.00007031	0.04721703	0.99888465	
0.99999999	0.00016600	0.00000000	-0.00016583	0.99896628	-0.04545701	-0.00000755	0.04545701	0.99896630	
0.99999736	-0.00229700	0.00000000	0.00229455	0.99893239	-0.04613914	0.00010598	0.04613902	0.99893502	
0.99997840	-0.00657300	0.00000000	0.00656470	0.99871575	-0.05023707	0.00033021	0.05023599	0.99873732	
0.99996324	-0.00857400	0.00000000	0.00856055	0.99839491	-0.05598505	0.00048002	0.05598299	0.99843161	
0.99991964	-0.01267700	0.00000000	0.01265471	0.99816185	-0.05926875	0.00075135	0.05926399	0.99824206	
0.99989267	-0.01465101	0.00000000	0.01463005	0.99846234	-0.05346876	0.00078337	0.05346302	0.99856952	
0.99988212	-0.01535399	0.00000000	0.01533205	0.99845350	-0.05343727	0.00082048	0.05343097	0.99857121	
0.99987129	-0.01604400	0.00000000	0.01602001	0.99837672	-0.05465602	0.00087690	0.05464898	0.99850524	
0.99985015	-0.01731101	0.00000000	0.01728755	0.99849532	-0.05204081	0.00090088	0.05203302	0.99864496	
0.99984428	-0.01764701	0.00000000	0.01762668	0.99869240	-0.04798749	0.00084684	0.04798002	0.99884794	
0.99987313	-0.01592899	0.00000000	0.01591348	0.99889955	-0.04411858	0.00070276	0.04411298	0.99902630	
0.99989735	-0.01432800	0.00000000	0.01431695	0.99912602	-0.03927103	0.00056268	0.03926700	0.99922860	
0.99991767	-0.01283200	0.00000000	0.01282361	0.99926377	-0.03615897	0.00046399	0.03615599	0.99934605	
0.99993869	-0.01107300	0.00000000	0.01106728	0.99942265	-0.03212296	0.00035570	0.03212099	0.99948392	
0.99993243	-0.01162500	0.00000000	0.01162046	0.99954184	-0.02794788	0.00032489	0.02794600	0.99960938	
0.99994280	-0.01069600	0.00000000	0.01069305	0.99966690	-0.02348934	0.00025124	0.02348800	0.99972409	
0.99994879	-0.01012000	0.00000000	0.01011792	0.99974302	-0.02028604	0.00020529	0.02028500	0.99979422	
0.99995513	-0.00947300	0.00000000	0.00947185	0.99983366	-0.01558669	0.00014765	0.01558599	0.99987852	
0.99994727	-0.01026900	0.00000000	0.01026766	0.99981760	-0.01610384	0.00016537	0.01610299	0.99987032	
0.99991192	-0.01327200	0.00000000	0.01327027	0.99978170	-0.01613842	0.00021419	0.01613700	0.99986977	
0.99988490	-0.01517201	0.00000000	0.01517051	0.99978641	-0.01403562	0.00021295	0.01403401	0.99990150	
0.99989959	-0.01417101	0.00000000	0.01417000	0.99982849	-0.01192520	0.00016899	0.01192401	0.99992889	
0.99991548	-0.01300100	0.00000000	0.01300062	0.99988676	-0.00757964	0.00009854	0.00757900	0.99997127	
0.99994746	-0.01025100	0.00000000	0.01025100	0.99994713	-0.00081304	0.00000833	0.00081300	0.99999967	
0.99995993	-0.00895200	0.00000000	0.00895198	0.99995768	0.00212008	-0.00001898	-0.00212000	0.99999775	
0.99997325	-0.00731500	0.00000000	0.00731495	0.99996671	0.00361610	-0.00002645	-0.00361600	0.99999346	
0.99995812	-0.00915200	0.00000000	0.00915196	0.99995324	0.00312413	-0.00002859	-0.00312400	0.99999512	
0.99995171	-0.00982700	0.00000000	0.00982695	0.99994612	0.00334416	-0.00003286	-0.00334400	0.99999441	
0.99991051	-0.01337800	0.00000000	0.01337799	0.99990931	0.00155114	-0.00002075	-0.00155100	0.99999880	
0.99979553	-0.02022101	0.00000000	0.02022101	0.99979553	0.00011702	-0.00000237	-0.00011700	0.99999999	
0.99973258	-0.02312499	0.00000000	0.02312498	0.99973178	0.00126334	-0.00002921	-0.00126300	0.99999920	
0.99974268	-0.02268401	0.00000000	0.02268396	0.99974043	-0.00212455	0.00004819	0.00212400	0.99999774	
0.99970461	-0.02430399	0.00000000	0.02430387	0.99969955	-0.00318294	0.00007736	0.00318200	0.99999493	
0.99971306	-0.02395401	0.00000000	0.02395396	0.99971128	-0.00188854	0.00004524	0.00188800	0.99999822	
0.99974169	-0.02272800	0.00000000	0.02272796	0.99974006	-0.00180247	0.00004097	0.00180200	0.99999838	
0.99975682	-0.02205201	0.00000000	0.02205198	0.99975541	0.00168041	-0.00003706	-0.00168000	0.99999859	
0.99974725	-0.02248200	0.00000000	0.02248195	0.99974508	0.00208253	-0.00004682	-0.00208200	0.99999783	
0.99977621	-0.02115501	0.00000000	0.02115498	0.99977456	0.00181741	-0.00003845	-0.00181700	0.99999835	
0.99982127	-0.01890600	0.00000000	0.01890565	0.99980298	0.00604808	-0.00011435	-0.00604700	0.99998171	
0.99986832	-0.01622799	0.00000000	0.01622759	0.99984357	0.00703592	-0.00011418	-0.00703500	0.99997525	
0.99988001	-0.01549101	0.00000000	0.01549028	0.99983337	0.00965816	-0.00014961	-0.00965700	0.99995336	
0.99992597	-0.01216800	0.00000000	0.01216620	0.99977799	0.01720327	-0.00020933	-0.01720200	0.99985201	
0.99992919	-0.01190000	0.00000000	0.01189719	0.99969236	0.02176355	-0.00025899	-0.02176201	0.99976315	
0.99992412	-0.01231900	0.00000000	0.01231267	0.99941009	0.03206044	-0.00039495	-0.03205800	0.99948593	
0.99993954	-0.01099600	0.00000000	0.01098506	0.99894463	0.04459768	-0.00049040	-0.04459498	0.99900503	
0.99990228	-0.01397999	0.00000000	0.01396560	0.99887256	0.04537141	-0.00063429	-0.04536698	0.99897019	
0.99980209	-0.01989400	0.00000000	0.01986965	0.99857880	0.04945278	-0.00098381	-0.04944299	0.99877646	
0.99979652	-0.02017199	0.00000000	0.02014376	0.99839743	0.05288473	-0.00106679	-0.05287397	0.99860062	
0.99976956	-0.02146701	0.00000000	0.02143449	0.99825529	0.05501769	-0.00118107	-0.05500502	0.99848538	
0.99978629	-0.02067300	0.00000000	0.02064066	0.99822216	0.05591496	-0.00115593	-0.05590301	0.99843553	
0.99974414	-0.02262000	0.00000000	0.02258576	0.99823082	0.05500106	-0.00124412	-0.05498699	0.99848630	
0.99972644	-0.02338900	0.00000000	0.02335098	0.99810114	0.05699860	-0.00133314	-0.05698301	0.99837426	
0.99971748	-0.02376900	0.00000000	0.02373302	0.99820417	0.05500155	-0.00130733	-0.05498601	0.99848627	
0.99973295	-0.02310901	0.00000000	0.02307349	0.99819628	0.05542382	-0.00128079	-0.05540902	0.99846292	
0.99972238	-0.02356199	0.00000000	0.02352434	0.99812476	0.05651168	-0.00133153	-0.05649599	0.99840194	
0.99977830	-0.02105600	0.00000000	0.02101735	0.99794306	0.06056343	-0.00127522	-0.06055000	0.99816435	
0.99982128	-0.01890500	0.00000000	0.01886443	0.99767590	0.06547469	-0.00123780	-0.06546299	0.99785423	
0.99983071	-0.01840001	0.00000000	0.01836467	0.99791038	0.06194851	-0.00113985	-0.06193802	0.99807935	
0.99972103	-0.02361901	0.00000000	0.02357241	0.99774856	0.06278655	-0.00148296	-0.06276904	0.99802698	
0.99982024	-0.01896000	0.00000000	0.01892139	0.99778405	0.06378847	-0.00120943	-0.06377700	0.99796344	
0.99978664	-0.02065600	0.00000000	0.02062462	0.99826782	0.05509975	-0.00113814	-0.05508799	0.99848086	
0.99961564	-0.02772299	0.00000000	0.02768541	0.99826070	0.05204899	-0.00144295	-0.05202898	0.99864453	
0.99957040	-0.02930900	0.00000000	0.02927362	0.99836385	0.04911909	-0.00143963	-0.04909799	0.99879293	
0.99953836	-0.03038200	0.00000000	0.03035296	0.99858292	0.04371318	-0.00132809	-0.04369300	0.99904412	
0.99944360	-0.03335401	0.00000000	0.03333120	0.99876019	0.03697458	-0.00123325	-0.03695401	0.99931621	
0.99942879	-0.03379501	0.00000000	0.03377562	0.99885538	0.03386936	-0.00114462	-0.03385001	0.99942627	
0.99942560	-0.03388902	0.00000000	0.03387043	0.99887750	0.03311404	-0.00112220	-0.03309502	0.99945158	
0.99947822	-0.03229999	0.00000000	0.03227955	0.99884568	0.03557155	-0.00114896	-0.03555299	0.99936713	
0.99949237	-0.03185900	0.00000000	0.03183753	0.99881891	0.03670363	-0.00116934	-0.03668500	0.99932619	
0.99947232	-0.03248201	0.00000000	0.03245906	0.99876628	0.03758084	-0.00122070	-0.03756101	0.99929359	
