0.95589475	0.29313625	0.01834051	15.71473070	0.02327165	-0.01334306	-0.99964013	0.31764594	-0.29278604	0.95597756	-0.01957632	1.36083910	
0.95126141	0.30804365	0.01452052	15.71120722	0.02367903	-0.02601391	-0.99938110	0.32314006	-0.30747527	0.95101650	-0.03204020	1.36204224	
0.96128598	0.27500633	0.01734305	15.70278732	0.02265295	-0.01614374	-0.99961304	0.33055571	-0.27461994	0.96130687	-0.02174846	1.36435329	
0.96745748	0.25247185	0.01685188	15.68934233	0.01955338	-0.00819487	-0.99977523	0.33366257	-0.25227701	0.96756954	-0.01286486	1.36364808	
0.96442763	0.26398726	0.01378647	15.68038454	0.01587444	-0.00577770	-0.99985730	0.33478924	-0.26386994	0.96450886	-0.00976282	1.36304714	
0.96475150	0.26280449	0.01372383	15.67446888	0.01514130	-0.00336908	-0.99987969	0.34008447	-0.26272663	0.96484323	-0.00722953	1.36439522	
0.97027981	0.24138596	0.01702685	15.66401108	0.01551194	0.00817492	-0.99984626	0.34545403	-0.24148804	0.97039476	0.00418760	1.36532992	
0.97146581	0.23665880	0.01570946	15.65293862	0.01165077	0.01853879	-0.99976026	0.34748386	-0.23689329	0.97141594	0.01525254	1.36532849	
0.97069896	0.23978047	0.01577534	15.64570021	0.00955313	0.02708981	-0.99958735	0.35061570	-0.24010887	0.97044911	0.02400540	1.36585014	
0.97342620	0.22816070	0.01959931	15.63699198	0.01016761	0.04244034	-0.99904726	0.35467815	-0.22877512	0.97269806	0.03899269	1.36647030	
0.97592707	0.21737438	0.01774068	15.62786180	0.00708715	0.04969202	-0.99873944	0.35825198	-0.21798194	0.97482259	0.04695523	1.36633269	
0.97881122	0.20407256	0.01682233	15.61935898	0.00506495	0.05799979	-0.99830375	0.36189847	-0.20470210	0.97723611	0.05573723	1.36606803	
0.98158660	0.19062212	0.01228637	15.60948655	0.00136219	0.05733352	-0.99835415	0.36585001	-0.19101281	0.97998779	0.05601816	1.36644948	
0.98281444	0.18447192	0.00677433	15.60080186	-0.00423539	0.05922297	-0.99823579	0.36888761	-0.18454767	0.98105186	0.05898650	1.36682636	
0.98493334	0.17290992	0.00290998	15.59249063	-0.00823269	0.06368998	-0.99793577	0.37312970	-0.17273833	0.98287626	0.06415390	1.36784286	
0.98707871	0.16019335	0.00370281	15.58350185	-0.00788102	0.07161579	-0.99740116	0.37666862	-0.16004221	0.98448427	0.07195291	1.36695681	
0.98859576	0.15051508	0.00486060	15.57405167	-0.00581638	0.07041485	-0.99750084	0.38050580	-0.15048118	0.98609683	0.07048727	1.36647142	
0.98935252	0.14545006	0.00508600	15.56554445	-0.00430953	0.06420832	-0.99792721	0.38434372	-0.14547514	0.98727989	0.06415148	1.36666425	
0.99095910	0.13415159	0.00184860	15.55686040	-0.00630855	0.06035492	-0.99815704	0.38900623	-0.13401593	0.98912114	0.06065556	1.36688942	
0.99240294	0.12302526	0.00109430	15.54809013	-0.00552812	0.05347552	-0.99855386	0.39344688	-0.12290587	0.99096173	0.05374936	1.36676012	
0.99407859	0.10861027	0.00339987	15.53878507	-0.00220882	0.05147853	-0.99867166	0.39846726	-0.10864102	0.99275061	0.05141361	1.36757161	
0.99522351	0.09762245	0.00012276	15.52956722	-0.00492307	0.05144462	-0.99866371	0.40264736	-0.09749831	0.99389301	0.05167950	1.36705369	
0.99599166	0.08921653	-0.00640498	15.52139022	-0.01043135	0.04473739	-0.99894432	0.40662675	-0.08883581	0.99500702	0.04548871	1.36680462	
0.99711914	0.07505709	-0.01094745	15.51306180	-0.01361257	0.03508878	-0.99929149	0.41142778	-0.07461978	0.99656169	0.03600941	1.36702746	
0.99819904	0.05874591	-0.01214875	15.50360921	-0.01365177	0.02525182	-0.99958790	0.41714658	-0.05841492	0.99795354	0.02600833	1.36734206	
0.99870754	0.04930502	-0.01233918	15.49489734	-0.01324627	0.01811334	-0.99974819	0.42138335	-0.04906911	0.99861951	0.01874304	1.36714327	
0.99927497	0.03694120	-0.00921340	15.48642870	-0.00951749	0.00806433	-0.99992219	0.42662973	-0.03686402	0.99928490	0.00841007	1.36721825	
0.99976421	0.02148435	-0.00315312	15.47825236	-0.00312681	-0.00125820	-0.99999432	0.43213749	-0.02148820	0.99976839	-0.00119072	1.36749692	
0.99999157	0.00391609	0.00123765	15.46847290	0.00126474	-0.00692179	-0.99997524	0.43803798	-0.00390743	0.99996838	-0.00692669	1.36732552	
0.99997380	-0.00652368	0.00313654	15.46021404	0.00302630	-0.01684030	-0.99985361	0.44292784	0.00657555	0.99983691	-0.01682011	1.36736078	
0.99965151	-0.02589032	0.00515350	15.45210500	0.00459795	-0.02147144	-0.99975889	0.44924897	0.02599473	0.99943417	-0.02134491	1.36882937	
0.99909870	-0.04241681	-0.00161391	15.44215376	-0.00215046	-0.01260692	-0.99991822	0.45511427	0.04239300	0.99902046	-0.01268677	1.36838727	
0.99896933	-0.04422482	-0.01021968	15.43489182	-0.01093348	-0.01592851	-0.99981335	0.45833948	0.04405379	0.99889461	-0.01639562	1.36762271	
0.99819992	-0.05964976	-0.00623071	15.42801598	-0.00772410	-0.02483831	-0.99966164	0.46349550	0.05947482	0.99791030	-0.02525434	1.36878292	
0.99672164	-0.08087270	-0.00236042	15.41850197	-0.00444688	-0.02562890	-0.99966164	0.47045575	0.08078484	0.99639488	-0.02590451	1.36818927	
0.99610238	-0.08819525	-0.00128400	15.41002050	-0.00410990	-0.03186735	-0.99948366	0.47553724	0.08810879	0.99559333	-0.03210561	1.36831998	
0.99477530	-0.10208396	0.00098166	15.40170476	-0.00264444	-0.03537940	-0.99937045	0.48173256	0.10205443	0.99414645	-0.03546451	1.36882195	
0.99349670	-0.11385776	0.00084307	15.39282331	-0.00379605	-0.04052196	-0.99917144	0.48713330	0.11379758	0.99267033	-0.04069065	1.36843373	
0.99195331	-0.12658620	0.00213873	15.38412616	-0.00434609	-0.05093015	-0.99869276	0.49355309	0.12652965	0.99064729	-0.05107049	1.36892684	
0.99042587	-0.13802051	-0.00263171	15.37504722	-0.01050997	-0.05638269	-0.99835391	0.49958978	0.13764494	0.98882320	-0.05729346	1.36942954	
0.98889166	-0.14852330	-0.00583991	15.36621757	-0.01484289	-0.05958070	-0.99811313	0.50575908	0.14789511	0.98711244	-0.06112337	1.37030610	
0.98682114	-0.16164314	-0.00745239	15.35720605	-0.01666032	-0.05568418	-0.99830942	0.51211240	0.16095489	0.98527700	-0.05764335	1.37102145	
0.98553513	-0.16938264	-0.00547927	15.34797292	-0.01403732	-0.04936885	-0.99868197	0.51701218	0.16888888	0.98431308	-0.05103242	1.37128132	
0.98390684	-0.17867578	-0.00151487	15.33882796	-0.00986130	-0.04583387	-0.99890040	0.52249197	0.17840988	0.98283988	-0.04685823	1.37161006	
0.98282590	-0.18453387	-0.00070765	15.32965208	-0.00966348	-0.04763735	-0.99881795	0.52779206	0.18428203	0.98167099	-0.04860246	1.37169014	
0.98180106	-0.18991227	0.00010773	15.32029100	-0.00968956	-0.05065923	-0.99866899	0.53345982	0.18966496	0.98049323	-0.05157746	1.37229252	
0.98151262	-0.19139727	-0.00026561	15.31115577	-0.01016954	-0.05076501	-0.99865885	0.53923329	0.19112709	0.98019896	-0.05177292	1.37298203	
0.98084008	-0.19479696	-0.00262275	15.30192134	-0.01058210	-0.03983031	-0.99915042	0.54493845	0.19452700	0.98003454	-0.04112853	1.37369059	
0.98091323	-0.19420004	-0.00977683	15.29194196	-0.01524503	-0.02668298	-0.99952769	0.54955616	0.19384744	0.98059898	-0.02913427	1.37376484	
0.98220027	-0.18762777	-0.00885734	15.28237070	-0.01532697	-0.03305848	-0.99933589	0.55450895	0.18721036	0.98168373	-0.03534582	1.37310852	
0.98271309	-0.18513498	-0.00014043	15.27347380	-0.01009732	-0.05284007	-0.99855194	0.56131966	0.18485947	0.98129148	-0.05379600	1.37291452	
0.98411073	-0.17737029	0.00811526	15.26440583	-0.00290855	-0.06180320	-0.99808412	0.56725254	0.17753202	0.98220168	-0.06133708	1.37310047	
0.98529648	-0.17076326	0.00554521	15.25549097	-0.00451631	-0.05847612	-0.99827859	0.57342134	0.17079357	0.98357534	-0.05838753	1.37365256	
0.98671399	-0.16246684	0.00016107	15.24616265	-0.00785819	-0.04871555	-0.99878178	0.57870880	0.16227677	0.98551069	-0.04934501	1.37392837	
0.98854498	-0.15086934	-0.00415505	15.23744771	-0.01021020	-0.03938262	-0.99917204	0.58171860	0.15058079	0.98776893	-0.04047190	1.37365991	
0.98987881	-0.14187333	-0.00344828	15.22985846	-0.00936001	-0.04102281	-0.99911437	0.58593092	0.14160623	0.98903442	-0.04193555	1.37222811	
0.98950981	-0.14441862	0.00368763	15.22253775	-0.00386035	-0.05194954	-0.99864225	0.59273273	0.14441411	0.98815207	-0.05196208	1.37290285	
0.98851380	-0.15089786	0.00838516	15.21268763	0.00040948	-0.05280844	-0.99860458	0.59789576	0.15113010	0.98713783	-0.05214009	1.37489594	
0.98967171	-0.14324123	0.00564446	15.20250136	-0.00110528	-0.04699826	-0.99889436	0.60048481	0.14334813	0.98857125	-0.04667117	1.37537477	
0.99060564	-0.13670868	0.00334618	15.19546779	-0.00228720	-0.04102930	-0.99915533	0.60598023	0.13673050	0.98976125	-0.04095653	1.37619745	
0.99039242	-0.13824707	0.00325536	15.18556834	-0.00116908	-0.03191056	-0.99949004	0.61078183	0.13828045	0.98988356	-0.03176560	1.37687609	
0.99159358	-0.12934752	0.00337580	15.17540917	-0.00019074	-0.02755102	-0.99962038	0.61434201	0.12939142	0.99121651	-0.02734409	1.37606158	
0.99295867	-0.11834562	0.00523454	15.16713805	0.00140897	-0.03238603	-0.99947444	0.61891140	0.11845295	0.99244418	-0.03199124	1.37525739	
0.99355284	-0.11325605	0.00508140	15.15806895	0.00033001	-0.04193191	-0.99912042	0.62416942	0.11336951	0.99268060	-0.04162419	1.37595746	
0.99423973	-0.10714367	0.00275717	15.14889611	-0.00233632	-0.04738430	-0.99887400	0.62913911	0.10715368	0.99311377	-0.04736167	1.37699041	
0.99497479	-0.10012577	0.00008693	15.13915911	-0.00454380	-0.04602019	-0.99893018	0.63359623	0.10002265	0.99390994	-0.04624388	1.37799888	
0.99587849	-0.09066330	-0.00248997	15.13055700	-0.00624775	-0.04118743	-0.99913190	0.63779921	0.09048204	0.99502953	-0.04158412	1.37834589	
0.99612133	-0.08785021	-0.00496421	15.12116573	-0.00811323	-0.03552465	-0.99933587	0.64263194	0.08761551	0.99550005	-0.03609961	1.37844877	
0.99677300	-0.07992864	-0.00741587	15.11122090	-0.01028955	-0.03560149	-0.99931309	0.64633438	0.07960972	0.99616462	-0.03630903	1.37759745	
0.99722601	-0.07395430	-0.00842851	15.10339032	-0.01139110	-0.03972980	-0.99914553	0.65159450	0.07355624	0.99646992	-0.04046201	1.37841761	
0.99710380	-0.07540781	-0.00988288	15.09322044	-0.01263320	-0.03608316	-0.99926894	0.65628354	0.07499608	0.99649971	-0.03693129	1.37906010	
0.99757216	-0.06844402	-0.01285293	15.08325580	-0.01518720	-0.03369440	-0.99931678	0.65942453	0.06796419	0.99708581	-0.03465207	1.37862136	
0.99788800	-0.06357748	-0.01332067	15.07449531	-0.01565288	-0.03632692	-0.99921736	0.66390094	0.06304382	0.99731553	-0.03724537	1.37897257	
0.99805883	-0.06062612	-0.01424940	15.06452229	-0.01655780	-0.03774563	-0.99915019	0.66822509	0.06003675	0.99744661	-0.03867620	1.37939687	
0.99834588	-0.05549147	-0.01504005	15.05519479	-0.01708102	-0.03649090	-0.99918800	0.67217728	0.05489759	0.99779212	-0.03737839	1.37927308	
0.99851840	-0.05226241	-0.01515390	15.04531020	-0.01707093	-0.03643153	-0.99919034	0.67615874	0.05166802	0.99796863	-0.03726972	1.37937303	
0.99868082	-0.04890693	-0.01564413	15.03572390	-0.01746337	-0.03699471	-0.99916286	0.68014121	0.04828724	0.99811798	-0.03779999	1.37903687	
0.99880810	-0.04587761	-0.01666176	15.02516703	-0.01851028	-0.04016701	-0.99902151	0.68390084	0.04516347	0.99813920	-0.04096835	1.37884486	
0.99908862	-0.03919872	-0.01689359	15.01579930	-0.01879899	-0.04876050	-0.99863357	0.68788813	0.03832142	0.99804102	-0.04945295	1.37830277	
0.99915325	-0.03695076	-0.01809460	15.00532911	-0.02008154	-0.05412904	-0.99833200	0.69238455	0.03590968	0.99785003	-0.05482523	1.37906173	
0.99937509	-0.02789359	-0.02171127	14.99498744	-0.02327927	-0.05717654	-0.99809264	0.69584544	0.02659901	0.99797434	-0.05779016	1.37948382	
0.99950306	-0.02082212	-0.02366582	14.98512930	-0.02480539	-0.05628926	-0.99810631	0.69952570	0.01945056	0.99819735	-0.05677779	1.37924857	
0.99957473	-0.01344523	-0.02587647	14.97487159	-0.02661583	-0.05808058	-0.99795703	0.70278375	0.01191485	0.99822135	-0.05841374	1.37927051	
0.99963694	-0.00768989	-0.02582364	14.96516040	-0.02623741	-0.05971949	-0.99787032	0.70675845	0.00613134	0.99818558	-0.05989958	1.37946174	
0.99963765	-0.00450198	-0.02653871	14.95482413	-0.02675254	-0.05706092	-0.99801220	0.71070011	0.00297871	0.99836055	-0.05716069	1.37998445	
0.99960443	0.00084231	-0.02811182	14.94461343	-0.02802520	-0.05406020	-0.99814432	0.71407594	-0.00236048	0.99853732	-0.05401521	1.38002680	
0.99961297	0.00389422	-0.02754551	14.93473661	-0.02731060	-0.05114035	-0.99831798	0.71783168	-0.00529636	0.99868388	-0.05101420	1.38033260	
0.99964241	0.00520120	-0.02622980	14.92434500	-0.02595264	-0.04764449	-0.99852715	0.72157114	-0.00644325	0.99885081	-0.04749247	1.38020278	
0.99968106	0.00766332	-0.02406349	14.91434700	-0.02368440	-0.04621667	-0.99865062	0.72523203	-0.00876512	0.99890204	-0.04602043	1.38054978	
0.99976420	0.00694488	-0.02057456	14.90449924	-0.02024900	-0.04407753	-0.99882288	0.72921447	-0.00784358	0.99900397	-0.04392651	1.38057662	
0.99981868	0.00353451	-0.01871135	14.89395762	-0.01855645	-0.03969257	-0.99903962	0.73318650	-0.00427382	0.99920569	-0.03961979	1.38057545	
0.99980457	0.00370499	-0.01941897	14.88387954	-0.01926671	-0.03745876	-0.99911242	0.73644056	-0.00442911	0.99929131	-0.03738006	1.38058193	
0.99982980	-0.00086499	-0.01842894	14.87432750	-0.01844822	-0.03641929	-0.99916630	0.74090653	0.00019310	0.99933622	-0.03642905	1.38064695	
0.99980639	-0.00729023	-0.01827685	14.86381566	-0.01851863	-0.03460483	-0.99922949	0.74495228	0.00665214	0.99937448	-0.03473313	1.38061645	
0.99976118	-0.01027154	-0.01928913	14.85357293	-0.01962657	-0.03383308	-0.99923477	0.74862038	0.00961107	0.99937471	-0.03402659	1.38053406	
0.99969989	-0.01364691	-0.02034413	14.84346862	-0.02082259	-0.03588555	-0.99913895	0.75275297	0.01290510	0.99926272	-0.03615895	1.38045259	
0.99961315	-0.01693103	-0.02206541	14.83298126	-0.02270695	-0.03868439	-0.99899345	0.75677999	0.01606040	0.99910803	-0.03905388	1.38071941	
0.99949199	-0.01807548	-0.02624944	14.82263654	-0.02695194	-0.03978530	-0.99884469	0.76073212	0.01701025	0.99904475	-0.04025226	1.38112976	
0.99938161	-0.01916702	-0.02947921	14.81265409	-0.03021478	-0.03929283	-0.99877081	0.76518263	0.01798514	0.99904389	-0.03984766	1.38173218	
0.99926084	-0.02258697	-0.03110627	14.80197527	-0.03188810	-0.03512094	-0.99887420	0.76928832	0.02146906	0.99912779	-0.03581524	1.38190470	
0.99932206	-0.02099168	-0.03024533	14.79124630	-0.03095135	-0.03416599	-0.99893678	0.77267768	0.01993600	0.99919569	-0.03479255	1.38179394	
0.99936983	-0.02192326	-0.02791631	14.78148229	-0.02860124	-0.03157591	-0.99909205	0.77747710	0.02102187	0.99926089	-0.03218304	1.38230595	
0.99928052	-0.02647500	-0.02715738	14.77048721	-0.02781500	-0.02479571	-0.99930551	0.78168848	0.02578323	0.99934191	-0.02551428	1.38268571	
0.99932809	-0.02238885	-0.02901898	14.75895029	-0.02944154	-0.01878102	-0.99939005	0.78401478	0.02183018	0.99957292	-0.01942756	1.38315494	
0.99943279	-0.01645216	-0.02938398	14.74905886	-0.02958733	-0.01225613	-0.99948706	0.78808155	0.01608358	0.99978953	-0.01273596	1.38332906	
0.99949226	-0.01774741	-0.02646209	14.73876457	-0.02657516	-0.00616545	-0.99962780	0.79233834	0.01757766	0.99982349	-0.00663396	1.38316281	
0.99953052	-0.01933886	-0.02376426	14.72762211	-0.02387377	-0.00545178	-0.99970012	0.79582201	0.01920350	0.99979812	-0.00591091	1.38324690	
0.99958390	-0.02027330	-0.02051878	14.71722617	-0.02063332	-0.00545700	-0.99977222	0.79965741	0.02015671	0.99977958	-0.00587303	1.38303183	
0.99955765	-0.02501943	-0.01607897	14.70680138	-0.01627940	-0.00782833	-0.99983684	0.80477083	0.02488947	0.99965631	-0.00823216	1.38336483	
0.99953644	-0.02734890	-0.01337709	14.69555065	-0.01349073	-0.00397475	-0.99990110	0.80870752	0.02729302	0.99961805	-0.00434186	1.38437781	
0.99960538	-0.02490686	-0.01298987	14.68407732	-0.01295603	0.00151964	-0.99991491	0.81125617	0.02492449	0.99968862	0.00119635	1.38380575	
0.99965016	-0.02328140	-0.01255139	14.67383729	-0.01253086	0.00102760	-0.99992096	0.81591325	0.02329246	0.99972842	0.00073550	1.38411609	
0.99962133	-0.02401193	-0.01343963	14.66223971	-0.01337126	0.00300572	-0.99990608	0.81987000	0.02405007	0.99970715	0.00268352	1.38434389	
0.99972780	-0.01769589	-0.01520476	14.65042281	-0.01516152	0.00257505	-0.99988174	0.82192505	0.01773295	0.99984010	0.00230605	1.38397432	
0.99976949	-0.01448977	-0.01584315	14.64134196	-0.01588854	-0.00302310	-0.99986920	0.82803152	0.01443998	0.99989045	-0.00325263	1.38452622	
0.99972123	-0.01663108	-0.01675897	14.62913861	-0.01673827	0.00138290	-0.99985895	0.83175889	0.01665191	0.99986074	0.00110414	1.38651834	
0.99975243	-0.00771908	-0.02086834	14.61647802	-0.02080979	0.00758919	-0.99975465	0.83308382	0.00787556	0.99994141	0.00742668	1.38560608	
0.99976771	0.00291965	-0.02135422	14.60740030	-0.02137298	0.00655313	-0.99975009	0.83753126	-0.00277899	0.99997427	0.00661401	1.38624607	
0.99976028	0.00046874	-0.02188964	14.59653475	-0.02189387	0.01288475	-0.99967727	0.84292743	-0.00018654	0.99991688	0.01289192	1.38752378	
0.99965900	0.00739328	-0.02504440	14.58344475	-0.02516870	0.01722707	-0.99953477	0.84410466	-0.00695840	0.99982427	0.01740727	1.38653540	
0.99959029	0.01619008	-0.02360364	14.57476463	-0.02384214	0.01469962	-0.99960766	0.84923340	-0.01583676	0.99976087	0.01507960	1.38722714	
0.99969036	0.01265977	-0.02142223	14.56383726	-0.02166400	0.01927891	-0.99957941	0.85454958	-0.01224145	0.99973399	0.01954720	1.38804651	
0.99967037	0.01452756	-0.02116820	14.55159518	-0.02151392	0.02406822	-0.99947880	0.85723340	-0.01401051	0.99960476	0.02437283	1.38838225	
0.99959578	0.01886310	-0.02127090	14.54153071	-0.02173970	0.02500591	-0.99945089	0.86123417	-0.01832085	0.99950932	0.02540588	1.38764737	
0.99964541	0.01762934	-0.01995638	14.53134305	-0.02038439	0.02444197	-0.99949341	0.86594791	-0.01713264	0.99954580	0.02479266	1.38785973	
0.99971674	0.01402103	-0.01923151	14.52064152	-0.01954570	0.02262705	-0.99955289	0.87043644	-0.01357961	0.99964565	0.02289469	1.38806443	
0.99980302	0.00837093	-0.01799564	14.50985619	-0.01818147	0.02267925	-0.99957745	0.87558820	-0.00795927	0.99970775	0.02282698	1.38891984	
0.99981294	0.00593515	-0.01840806	14.49861539	-0.01853881	0.02278421	-0.99956850	0.87889122	-0.00551317	0.99972279	0.02288998	1.38811394	
0.99983541	0.00042470	-0.01813738	14.48908714	-0.01814222	0.01959223	-0.99964344	0.88427242	-0.00006920	0.99980796	0.01959671	1.38837955	
0.99978488	-0.00814259	-0.01907609	14.47704109	-0.01893939	0.01654723	-0.99968369	0.88964419	0.00845567	0.99982993	0.01638946	1.38892272	
0.99972957	-0.00912770	-0.02138846	14.46590698	-0.02127085	0.01279238	-0.99969191	0.89305137	0.00939849	0.99987651	0.01259476	1.38867799	
0.99969374	-0.01329396	-0.02087330	14.45660537	-0.02077471	0.00751159	-0.99975596	0.89881794	0.01344751	0.99988342	0.00723311	1.38903973	
0.99952201	-0.02356741	-0.02000801	14.44461926	-0.01990454	0.00461685	-0.99979123	0.90462976	0.02365486	0.99971159	0.00414554	1.38958139	
0.99951815	-0.02411163	-0.01954743	14.43253700	-0.01952743	0.00106484	-0.99980875	0.90802305	0.02412783	0.99970871	0.00059349	1.38935540	
0.99949722	-0.02621915	-0.01782891	14.42320944	-0.01792457	-0.00341815	-0.99983350	0.91394164	0.02615384	0.99965038	-0.00388640	1.38998786	
0.99934811	-0.03178213	-0.01712470	14.41078201	-0.01728819	-0.00487639	-0.99983866	0.91834944	0.03169349	0.99948292	-0.00542267	1.38995008	
0.99941854	-0.03121496	-0.01371863	14.40009014	-0.01406422	-0.01087851	-0.99984192	0.92278522	0.03106079	0.99945349	-0.01131120	1.38957234	
0.99933926	-0.03519004	-0.00909383	14.38871389	-0.00958908	-0.01393056	-0.99985698	0.92879382	0.03505832	0.99928354	-0.01425879	1.39096236	
0.99938682	-0.03446265	-0.00619002	14.37685235	-0.00661873	-0.01233969	-0.99990196	0.93256548	0.03438289	0.99932980	-0.01256022	1.39063002	
0.99942732	-0.03367770	-0.00329371	14.36621946	-0.00376225	-0.01385861	-0.99989689	0.93764529	0.03362858	0.99933666	-0.01397738	1.39082625	
0.99931650	-0.03696649	-0.00014578	14.35464251	-0.00062278	-0.01289244	-0.99991670	0.94340215	0.03696153	0.99923334	-0.01290665	1.39194605	
0.99939263	-0.03481762	-0.00145095	14.34132366	-0.00175590	-0.00872967	-0.99996035	0.94721229	0.03480357	0.99935556	-0.00878550	1.39141552	
0.99962177	-0.02718757	-0.00414199	14.33071855	-0.00441792	-0.01009686	-0.99993927	0.95110392	0.02714410	0.99957936	-0.01021316	1.39109280	
0.99961048	-0.02740265	-0.00529082	14.31990940	-0.00564926	-0.01301946	-0.99989928	0.95705144	0.02733100	0.99953969	-0.01316919	1.39133294	
0.99958957	-0.02703561	-0.00947472	14.30667910	-0.00990824	-0.01594650	-0.99982375	0.96158960	0.02687976	0.99950727	-0.01620783	1.39222258	
0.99977128	-0.01662834	-0.01344944	14.29474491	-0.01377996	-0.01992431	-0.99970652	0.96491314	0.01635549	0.99966320	-0.02014889	1.39142988	
0.99984137	-0.01077807	-0.01418011	14.28481867	-0.01443793	-0.02423123	-0.99960212	0.97033270	0.01043018	0.99964828	-0.02438300	1.39286091	
0.99982773	-0.01048362	-0.01531708	14.27150564	-0.01552247	-0.01979835	-0.99968349	0.97561115	0.01017705	0.99974903	-0.01995767	1.39449727	
0.99977441	0.00144169	-0.02119083	14.25942812	-0.02117006	-0.01315636	-0.99968932	0.97765042	-0.00172004	0.99991241	-0.01312287	1.39396413	
0.99974176	0.00835569	-0.02113267	14.24999028	-0.02105145	-0.00969180	-0.99973142	0.98269178	-0.00855826	0.99991812	-0.00951340	1.39441074	
0.99977505	0.00806478	-0.01961642	14.23728823	-0.01958113	-0.00443097	-0.99979845	0.98745621	-0.00815007	0.99995766	-0.00427206	1.39463487	
0.99970858	0.01585477	-0.01820412	14.22532177	-0.01817895	-0.00173000	-0.99983325	0.99054994	-0.01588362	0.99987281	-0.00144127	1.39458723	
0.99973247	0.01877866	-0.01350376	14.21590445	-0.01353063	0.00130453	-0.99990761	0.99598503	-0.01875931	0.99982281	0.00155826	1.39501221	
0.99986447	0.01402042	-0.00863004	14.20293272	-0.00869562	0.00462302	-0.99995151	1.00063543	-0.01397984	0.99989102	0.00474431	1.39451898	
0.99988567	0.01500195	-0.00189630	14.19303023	-0.00193820	0.00277884	-0.99999426	1.00479196	-0.01499659	0.99988360	0.00280760	1.39480738	
0.99998689	0.00356194	0.00367968	14.18186018	0.00366119	0.00518232	-0.99997987	1.01195102	-0.00358093	0.99998023	0.00516921	1.39601421	
0.99998503	-0.00473251	0.00274645	14.16876881	0.00279096	0.00942431	-0.99995170	1.01581528	0.00470640	0.99994439	0.00943737	1.39492633	
0.99996012	-0.00878438	0.00161011	14.15802979	0.00166738	0.00651562	-0.99997738	1.02064604	0.00877369	0.99994019	0.00653001	1.39473954	
0.99980497	-0.01971800	0.00110797	14.14698799	0.00118564	0.00392781	-0.99999158	1.02735442	0.01971348	0.99979787	0.00395043	1.39608328	
0.99959475	-0.02825184	-0.00348876	14.13392388	-0.00336901	0.00428523	-0.99998514	1.03174699	0.02826637	0.99959165	0.00418831	1.39522741	
0.99946664	-0.03156467	-0.00837244	14.12230128	-0.00836832	0.00026265	-0.99996495	1.03646373	0.03156577	0.99950168	-0.00000163	1.39570376	
0.99925695	-0.03676965	-0.01155620	14.11049745	-0.01164155	-0.00210783	-0.99993001	1.04220977	0.03674272	0.99932154	-0.00253432	1.39660297	
0.99912921	-0.03922528	-0.01421977	14.09813910	-0.01433578	-0.00267773	-0.99989365	1.04629630	0.03918303	0.99922680	-0.00323772	1.39657899	
0.99904571	-0.04107407	-0.01485253	14.08663724	-0.01499160	-0.00307983	-0.99988288	1.05124181	0.04102351	0.99915136	-0.00369265	1.39689170	
0.99887218	-0.04457457	-0.01635466	14.07411739	-0.01647854	-0.00241330	-0.99986131	1.05614949	0.04452892	0.99900314	-0.00314511	1.39757041	
0.99884664	-0.04439742	-0.01828262	14.06150061	-0.01835133	-0.00114057	-0.99983095	1.05985616	0.04436906	0.99901330	-0.00195400	1.39694178	
0.99889986	-0.04276149	-0.01924895	14.05024212	-0.01954943	-0.00661978	-0.99978698	1.06432947	0.04262496	0.99906338	-0.00744846	1.39624701	
0.99876413	-0.04594244	-0.01896079	14.03760296	-0.01956011	-0.01263077	-0.99972890	1.07009772	0.04569049	0.99886423	-0.01351380	1.39717646	
0.99889343	-0.04323582	-0.01850872	14.02409010	-0.01916063	-0.01471264	-0.99970816	1.07354173	0.04295089	0.99895656	-0.01552479	1.39707990	
0.99912557	-0.03827732	-0.01682084	14.01262497	-0.01753811	-0.01848073	-0.99967539	1.07867267	0.03795403	0.99909625	-0.01913588	1.39719552	
0.99926461	-0.03592217	-0.01341034	13.99911400	-0.01419516	-0.02168251	-0.99966413	1.08351005	0.03561934	0.99911935	-0.02217648	1.39721553	
0.99955980	-0.02740578	-0.01136385	13.98559172	-0.01197147	-0.02210984	-0.99968387	1.08721056	0.02714587	0.99937985	-0.02242819	1.39745834	
0.99980746	-0.01553557	-0.01198662	13.97289267	-0.01233475	-0.02250975	-0.99967053	1.09082830	0.01526064	0.99962591	-0.02269705	1.39718667	
0.99986754	-0.00423474	-0.01571499	13.96008544	-0.01581869	-0.02568156	-0.99954501	1.09458968	0.00382922	0.99966120	-0.02574515	1.39676290	
0.99978124	0.00759961	-0.01948647	13.94729039	-0.01922808	-0.03270769	-0.99927998	1.09802302	-0.00823149	0.99943607	-0.03255441	1.39598852	
0.99955782	0.01907158	-0.02281306	13.93510906	-0.02195866	-0.04386878	-0.99879595	1.10160316	-0.02004939	0.99885525	-0.04343060	1.39602884	
0.99946992	0.02362271	-0.02240214	13.92301109	-0.02116466	-0.05139425	-0.99845415	1.10691739	-0.02473754	0.99839902	-0.05086704	1.39736937	
0.99927762	0.02943693	-0.02403541	13.90852499	-0.02253913	-0.05014826	-0.99848743	1.10978197	-0.03059774	0.99830788	-0.04944855	1.39771027	
0.99874160	0.04295267	-0.02589005	13.89707176	-0.02358948	-0.05322929	-0.99830365	1.11315034	-0.04425791	0.99765811	-0.05214907	1.39690068	
0.99872278	0.04333925	-0.02597145	13.88533839	-0.02349349	-0.05673721	-0.99811269	1.11833360	-0.04473100	0.99744804	-0.05564655	1.39688588	
0.99875910	0.04202842	-0.02671836	13.87116067	-0.02423351	-0.05856064	-0.99798967	1.12204729	-0.04350858	0.99739875	-0.05746947	1.39725237	
0.99834646	0.04978412	-0.02873821	13.85881319	-0.02556416	-0.06326005	-0.99766960	1.12512136	-0.05148609	0.99675459	-0.06188276	1.39649600	
0.99836288	0.05043393	-0.02698113	13.84732375	-0.02352868	-0.06783790	-0.99741888	1.13048290	-0.05213410	0.99642081	-0.06654020	1.39775060	
0.99836207	0.04895001	-0.02961550	13.83329787	-0.02648215	-0.06346515	-0.99763263	1.13383126	-0.05071368	0.99678286	-0.06206489	1.39811701	
0.99778718	0.05693815	-0.03433363	13.82089674	-0.03067920	-0.06385945	-0.99748722	1.13663715	-0.05898761	0.99633329	-0.06197132	1.39779734	
0.99772501	0.05720169	-0.03567586	13.80927416	-0.03193873	-0.06496638	-0.99737620	1.14117724	-0.05936933	0.99624662	-0.06299163	1.39829271	
0.99803279	0.05416362	-0.03157295	13.79756078	-0.02797661	-0.06591731	-0.99743281	1.14601715	-0.05610577	0.99635396	-0.06427232	1.39827232	
0.99831748	0.05006876	-0.02924615	13.78318932	-0.02609534	-0.06246652	-0.99770585	1.14908115	-0.05178080	0.99679038	-0.06105486	1.39798955	
0.99813825	0.05415926	-0.02805012	13.77215502	-0.02438142	-0.06725042	-0.99743818	1.15311324	-0.05590689	0.99626510	-0.06580474	1.39841045	
0.99858642	0.04496124	-0.02834855	13.75924845	-0.02543821	-0.06403143	-0.99762361	1.15820123	-0.04666959	0.99693453	-0.06279718	1.39882475	
0.99845548	0.04582888	-0.03140641	13.74628807	-0.02833483	-0.06619865	-0.99740407	1.16089011	-0.04778898	0.99675346	-0.06479786	1.39776936	
0.99866173	0.04150961	-0.03084969	13.73468611	-0.02780197	-0.07209641	-0.99701011	1.16608902	-0.04360966	0.99653352	-0.07084587	1.39834216	
0.99886023	0.03666028	-0.03056573	13.72143697	-0.02761972	-0.07833705	-0.99654426	1.17015931	-0.03892802	0.99625264	-0.07723522	1.39804367	
0.99898242	0.03345564	-0.03024646	13.70861589	-0.02740484	-0.08235837	-0.99622592	1.17452913	-0.03582042	0.99604107	-0.08135772	1.39865176	
0.99899346	0.03156639	-0.03186909	13.69597065	-0.02911883	-0.08405242	-0.99603578	1.17852762	-0.03411993	0.99596122	-0.08304864	1.39906425	
0.99900013	0.02925665	-0.03380503	13.68221516	-0.03123833	-0.08413529	-0.99596457	1.18240211	-0.03198278	0.99602475	-0.08313724	1.39912438	
0.99887688	0.03357142	-0.03343567	13.67078548	-0.03034177	-0.08878078	-0.99558895	1.18632959	-0.03639178	0.99548527	-0.08766246	1.39914076	
0.99924713	0.02472934	-0.02989379	13.65759683	-0.02764205	-0.08686417	-0.99583660	1.19159603	-0.02722308	0.99591319	-0.08611520	1.40038455	
0.99926763	0.02344232	-0.03024326	13.64386355	-0.02817469	-0.08404270	-0.99606376	1.19512370	-0.02589177	0.99618637	-0.08332067	1.40012192	
0.99920767	0.02511306	-0.03087659	13.63089316	-0.02875711	-0.08077677	-0.99631729	1.19886970	-0.02751468	0.99641580	-0.07999059	1.40051282	
0.99921387	0.02715175	-0.02888642	13.61825608	-0.02664915	-0.07942974	-0.99648419	1.20266930	-0.02935073	0.99647062	-0.07864373	1.40034426	
0.99941095	0.02405536	-0.02447617	13.60552719	-0.02254868	-0.07736978	-0.99674745	1.20782615	-0.02587084	0.99671222	-0.07678179	1.40109416	
0.99945452	0.02273011	-0.02395839	13.59220503	-0.02219176	-0.07502367	-0.99693479	1.21147573	-0.02445788	0.99692266	-0.07447833	1.40046657	
0.99956894	0.02088463	-0.02063426	13.57937856	-0.01898711	-0.07620882	-0.99691108	1.21533382	-0.02239263	0.99687314	-0.07577943	1.39976930	
0.99975798	0.01591882	-0.01518483	13.56716632	-0.01377949	-0.08495219	-0.99628974	1.22044985	-0.01714974	0.99625786	-0.08471228	1.40016770	
0.99993327	0.00483959	-0.01048947	13.55438277	-0.01002339	-0.08793779	-0.99607554	1.22638147	-0.00574302	0.99611421	-0.08788341	1.40159516	
0.99988913	-0.00338978	-0.01449940	13.53970807	-0.01472813	-0.08179381	-0.99654044	1.23022284	0.00219209	0.99664351	-0.08183466	1.40189909	
0.99983741	-0.00079655	-0.01801452	13.52721806	-0.01802042	-0.08012971	-0.99662154	1.23346050	-0.00064964	0.99678413	-0.08013104	1.40173067	
0.99983860	-0.00812850	-0.01602197	13.51471307	-0.01661825	-0.07954533	-0.99669272	1.23939748	0.00682715	0.99679811	-0.07966758	1.40187442	
0.99981653	-0.01073807	-0.01586207	13.49955848	-0.01665390	-0.07818333	-0.99679989	1.24298107	0.00946355	0.99688117	-0.07834781	1.40183397	
0.99979961	-0.00284652	-0.01981527	13.48697703	-0.01998077	-0.08101206	-0.99651283	1.24688624	0.00123132	0.99670906	-0.08105270	1.40230340	
0.99979168	-0.00245059	-0.02026303	13.47471941	-0.02039411	-0.07995328	-0.99658996	1.25260796	0.00082214	0.99679560	-0.07998660	1.40291407	
0.99981072	-0.00297885	-0.01922630	13.46012755	-0.01939382	-0.07383807	-0.99708165	1.25559521	0.00155053	0.99726580	-0.07388186	1.40317854	
0.99981342	0.00466899	-0.01874342	13.44716332	-0.01833288	-0.07628716	-0.99691734	1.26015851	-0.00608448	0.99707496	-0.07618733	1.40287697	
0.99983142	0.00804290	-0.01650565	13.43407351	-0.01585571	-0.07508853	-0.99705081	1.26514362	-0.00925856	0.99714443	-0.07494835	1.40380844	
0.99982862	0.01210261	-0.01400885	13.42034668	-0.01310779	-0.07156961	-0.99734948	1.26909100	-0.01307314	0.99736218	-0.07139871	1.40313964	
0.99974020	0.01852445	-0.01328089	13.40665296	-0.01187799	-0.07388834	-0.99719578	1.27341963	-0.01945380	0.99709446	-0.07364911	1.40299596	
0.99964350	0.02543185	-0.00812933	13.39350447	-0.00619978	-0.07505035	-0.99716047	1.27826291	-0.02596974	0.99685539	-0.07486592	1.40329154	
0.99953349	0.02997017	-0.00588206	13.37963329	-0.00359186	-0.07590427	-0.99710864	1.28272372	-0.03032999	0.99666460	-0.07576121	1.40259153	
0.99918756	0.03967559	-0.00707558	13.36691461	-0.00371765	-0.08407820	-0.99645222	1.28667501	-0.04012973	0.99566897	-0.08386239	1.40261610	
0.99928307	0.03734691	-0.00620974	13.35327081	-0.00295138	-0.08667590	-0.99623219	1.29339792	-0.03774443	0.99553629	-0.08650354	1.40402926	
0.99904269	0.04183300	-0.01279442	13.33862244	-0.00923713	-0.08414893	-0.99641037	1.29745422	-0.04275948	0.99557469	-0.08368196	1.40381552	
0.99868984	0.04886527	-0.01519161	13.32679794	-0.01097332	-0.08546290	-0.99628092	1.30167887	-0.04998185	0.99514234	-0.08481471	1.40434452	
0.99890520	0.04413926	-0.01549615	13.31255213	-0.01186548	-0.08136040	-0.99661412	1.30746986	-0.04525058	0.99570689	-0.08074759	1.40510898	
0.99856021	0.05037058	-0.01844763	13.29920399	-0.01435103	-0.08051269	-0.99665027	1.31047005	-0.05168712	0.99548004	-0.07967390	1.40444389	
0.99879315	0.04717064	-0.01368107	13.28692192	-0.00989894	-0.07950082	-0.99678565	1.31666957	-0.04810667	0.99571811	-0.07893794	1.40662312	
0.99891234	0.04341090	-0.01701827	13.27115666	-0.01400160	-0.06887241	-0.99752722	1.32056663	-0.04447564	0.99668053	-0.06818967	1.40564575	
0.99845769	0.05248717	-0.01809271	13.25932067	-0.01432322	-0.07132487	-0.99735029	1.32362814	-0.05363855	0.99607121	-0.07046308	1.40559502	
0.99884735	0.04625429	-0.01282636	13.24587453	-0.00955204	-0.07032830	-0.99747816	1.32927268	-0.04703970	0.99645094	-0.06980541	1.40637349	
0.99899024	0.04400433	-0.00906241	13.23137981	-0.00606747	-0.06772264	-0.99768574	1.33386482	-0.04451623	0.99673330	-0.06738726	1.40608322	
0.99888702	0.04672557	-0.00643769	13.21798470	-0.00330503	-0.06681394	-0.99775998	1.33751033	-0.04705104	0.99667077	-0.06658515	1.40602423	
0.99896758	0.04540355	-0.00151157	13.20463846	0.00152426	-0.06675418	-0.99776829	1.34190286	-0.04540313	0.99673587	-0.06675447	1.40569522	
0.99911003	0.04211386	0.00235835	13.19097637	0.00534398	-0.07092311	-0.99746747	1.34663704	-0.04183994	0.99659236	-0.07108504	1.40564909	
0.99928046	0.03773474	0.00382696	13.17714786	0.00661393	-0.07401133	-0.99723547	1.35155214	-0.03734719	0.99654323	-0.07420765	1.40606497	
0.99948298	0.03187441	0.00421883	13.16358807	0.00658941	-0.07463754	-0.99718896	1.35669871	-0.03146993	0.99670119	-0.07480899	1.40648198	
0.99965620	0.02566913	0.00534575	13.14920940	0.00716045	-0.07113289	-0.99744115	1.36219019	-0.02522318	0.99713650	-0.07129223	1.40715620	
0.99964455	0.02650704	0.00285504	13.13515319	0.00451011	-0.06259069	-0.99802909	1.36592531	-0.02627609	0.99768722	-0.06268799	1.40742675	
0.99954255	0.03024313	-0.00022164	13.12161708	0.00149993	-0.05688992	-0.99837933	1.36953665	-0.03020672	0.99792229	-0.05690926	1.40748955	
0.99955027	0.02998735	-0.00011233	13.10813078	0.00151200	-0.05413885	-0.99853227	1.37454934	-0.02994942	0.99808303	-0.05415984	1.40763318	
0.99956668	0.02942626	0.00073949	13.09416574	0.00225044	-0.05134701	-0.99867834	1.37933883	-0.02934939	0.99824725	-0.05139098	1.40775289	
0.99948469	0.03207690	0.00119295	13.08020150	0.00268503	-0.04651302	-0.99891408	1.38342179	-0.03198658	0.99840253	-0.04657518	1.40808369	
0.99937717	0.03519881	0.00251442	13.06635810	0.00400686	-0.04239426	-0.99909292	1.38744585	-0.03506028	0.99848073	-0.04250889	1.40790608	
0.99929001	0.03709450	0.00659298	13.05286063	0.00818069	-0.04281402	-0.99904957	1.39298863	-0.03677697	0.99839419	-0.04308708	1.40780281	
0.99923210	0.03800542	0.00952883	13.03879457	0.01102124	-0.03925413	-0.99916848	1.39676741	-0.03759977	0.99850623	-0.03964286	1.40782270	
0.99914739	0.03968345	0.01138976	13.02475353	0.01300722	-0.04074237	-0.99908502	1.40112542	-0.03918309	0.99838133	-0.04122381	1.40744760	
0.99909992	0.04051817	0.01255529	13.01093976	0.01439019	-0.04531656	-0.99886903	1.40618890	-0.03990338	0.99815063	-0.04585884	1.40726394	
0.99914923	0.03923915	0.01269304	12.99685539	0.01465881	-0.05022229	-0.99863048	1.41143568	-0.03854794	0.99796694	-0.05075477	1.40754867	
0.99908979	0.04131996	0.01059510	12.98245586	0.01281300	-0.05378645	-0.99847025	1.41588059	-0.04068688	0.99769719	-0.05426692	1.40775526	
0.99903975	0.04273312	0.00966779	12.96890655	0.01202378	-0.05522414	-0.99840158	1.42177980	-0.04213092	0.99755911	-0.05568492	1.40794513	
0.99911285	0.04135242	0.00796869	12.95445329	0.01018635	-0.05369788	-0.99850527	1.42688094	-0.04086271	0.99770061	-0.05407148	1.40846915	
0.99901464	0.04412741	0.00474598	12.93945841	0.00700855	-0.05126113	-0.99866069	1.43052939	-0.04382502	0.99770991	-0.05151988	1.40859178	
0.99882193	0.04847778	0.00215820	12.92567509	0.00470748	-0.05253418	-0.99860803	1.43531831	-0.04829692	0.99744176	-0.05270050	1.40836592	
0.99880079	0.04893197	0.00162490	12.91194987	0.00427268	-0.05405564	-0.99852878	1.44062922	-0.04877214	0.99733828	-0.05419989	1.40907316	
0.99875859	0.04981098	-0.00038290	12.89706790	0.00227751	-0.05334232	-0.99857369	1.44516928	-0.04976036	0.99733318	-0.05338955	1.40980833	
0.99866280	0.05155506	-0.00383203	12.88263021	-0.00135135	-0.04806632	-0.99884323	1.44976178	-0.05167962	0.99751276	-0.04793238	1.41088719	
0.99844658	0.05508527	-0.00836861	12.86783114	-0.00601510	-0.04275286	-0.99906757	1.45356111	-0.05539169	0.99756594	-0.04235511	1.41086226	
0.99819087	0.05943842	-0.00905882	12.85389728	-0.00652661	-0.04265893	-0.99906838	1.45796674	-0.05976948	0.99732005	-0.04219383	1.41090690	
0.99802995	0.06209408	-0.00897443	12.83923655	-0.00640183	-0.04150629	-0.99911773	1.46268536	-0.06241179	0.99720688	-0.04102701	1.41162393	
0.99760625	0.06849680	-0.00948415	12.82423849	-0.00695069	-0.03713063	-0.99928625	1.46628677	-0.06880006	0.99696013	-0.03656565	1.41221099	
0.99713029	0.07503386	-0.01005515	12.81002395	-0.00770175	-0.03158829	-0.99947129	1.46985464	-0.07531182	0.99668054	-0.03091975	1.41208281	
0.99686338	0.07879321	-0.00741772	12.79600103	-0.00492353	-0.03180214	-0.99948206	1.47425417	-0.07898830	0.99638359	-0.03131445	1.41162107	
0.99667263	0.08133077	-0.00538212	12.78147182	-0.00242455	-0.03641986	-0.99933364	1.47884787	-0.08147259	0.99602154	-0.03610149	1.41131881	
0.99654377	0.08303695	-0.00232019	12.76786978	0.00110174	-0.04114014	-0.99915278	1.48354741	-0.08306205	0.99569692	-0.04108944	1.41261834	
0.99695428	0.07798595	-0.00059737	12.75303229	0.00221886	-0.03602032	-0.99934859	1.48898458	-0.07795666	0.99630353	-0.03608365	1.41316578	
0.99678982	0.08003808	-0.00199028	12.73774446	0.00051079	-0.03121594	-0.99951253	1.49173528	-0.08006119	0.99630290	-0.03115661	1.41322627	
0.99663217	0.08200188	-0.00011313	12.72477768	0.00242287	-0.03082598	-0.99952183	1.49667329	-0.08196616	0.99615533	-0.03092084	1.41272947	
0.99722457	0.07434573	0.00398425	12.71050448	0.00626349	-0.03044944	-0.99951668	1.50309479	-0.07418848	0.99676755	-0.03083060	1.41359356	
0.99755770	0.06975921	0.00350488	12.69496723	0.00517579	-0.02378623	-0.99970367	1.50660230	-0.06965517	0.99728024	-0.02408919	1.41356177	
0.99753884	0.07000815	0.00388755	12.68097787	0.00529311	-0.01990279	-0.99978791	1.51125041	-0.06991593	0.99734785	-0.02022436	1.41448270	
0.99775692	0.06683712	0.00373092	12.66635944	0.00461572	-0.01308860	-0.99990369	1.51631026	-0.06678185	0.99767805	-0.01336774	1.41469443	
0.99780217	0.06611280	0.00446496	12.65164103	0.00501199	-0.00811069	-0.99995455	1.52069258	-0.06607358	0.99777919	-0.00842422	1.41465163	
0.99788409	0.06480736	0.00523005	12.63755209	0.00549816	-0.00395933	-0.99997705	1.52558665	-0.06478517	0.99788994	-0.00430727	1.41555830	
0.99818480	0.06008593	0.00409667	12.62293234	0.00388799	0.00358954	-0.99998600	1.53103741	-0.06009979	0.99818675	0.00334942	1.41572438	
0.99832342	0.05786348	0.00147153	12.60792074	0.00099031	0.00834428	-0.99996470	1.53566117	-0.05787372	0.99828963	0.00827298	1.41604506	
0.99836550	0.05715010	0.00043867	12.59369030	-0.00027383	0.01245876	-0.99992235	1.54059235	-0.05715113	0.99828786	0.01245405	1.41622665	
0.99852682	0.05423416	-0.00168503	12.57899192	-0.00270665	0.01876923	-0.99982018	1.54600895	-0.05419278	0.99835183	0.01888837	1.41686149	
0.99854750	0.05352045	-0.00620023	12.56370019	-0.00755139	0.02508038	-0.99965692	1.54982517	-0.05334659	0.99825174	0.02544811	1.41686211	
0.99841094	0.05558377	-0.00927592	12.54993295	-0.01076143	0.02648617	-0.99959125	1.55475382	-0.05531537	0.99810266	0.02704224	1.41694197	
0.99861706	0.05136641	-0.01120051	12.53548162	-0.01265211	0.02802227	-0.99952723	1.56119504	-0.05102826	0.99828665	0.02863341	1.41764510	
0.99858907	0.05133036	-0.01360386	12.51956573	-0.01532959	0.03337757	-0.99932524	1.56400660	-0.05084166	0.99812381	0.03411735	1.41804183	
0.99840037	0.05493255	-0.01338364	12.50658406	-0.01525351	0.03376258	-0.99931347	1.56931627	-0.05444297	0.99791909	0.03454649	1.41810887	
0.99874490	0.04845195	-0.01268951	12.49109156	-0.01461682	0.03963298	-0.99910739	1.57563233	-0.04790578	0.99803889	0.04029145	1.41947078	
0.99872629	0.04872512	-0.01310199	12.47601160	-0.01532136	0.04545799	-0.99884875	1.57956702	-0.04807344	0.99777725	0.04614663	1.41933095	
0.99878859	0.04748777	-0.01289460	12.46128636	-0.01532799	0.05124012	-0.99856873	1.58502409	-0.04675908	0.99755670	0.05190594	1.42027940	
0.99870134	0.04860844	-0.01525928	12.44500772	-0.01813006	0.05917688	-0.99808286	1.58934558	-0.04761225	0.99706335	0.05998130	1.41992122	
0.99830970	0.05623149	-0.01468906	12.43089073	-0.01809225	0.06049843	-0.99800431	1.59293211	-0.05523061	0.99658314	0.06141352	1.41985603	
0.99830948	0.05744065	-0.00887418	12.41571240	-0.01260572	0.06493065	-0.99781016	1.59821673	-0.05673866	0.99623520	0.06554497	1.42116492	
