0.99870269	0.01393616	0.04897683	12.36540580	0.04925794	-0.02059865	-0.99857366	0.62223851	-0.01290743	0.99969069	-0.02125839	0.08052424	
0.99865442	0.02044305	0.04765962	12.36109019	0.04796743	-0.01484051	-0.99873865	0.62757225	-0.01970997	0.99968087	-0.01580115	0.08139777	
0.99876330	0.00855806	0.04897587	12.35374651	0.04901848	-0.00484136	-0.99878614	0.63248478	-0.00831057	0.99995166	-0.00525487	0.08206438	
0.99869466	0.00426313	0.05089996	12.34554100	0.05087953	0.00476981	-0.99869341	0.63596123	-0.00450034	0.99997954	0.00454668	0.08211666	
0.99852372	0.00777647	0.05375795	12.34024970	0.05365987	0.01231470	-0.99848333	0.63992232	-0.00842669	0.99989393	0.01187924	0.08173985	
0.99835474	-0.00428605	0.05717906	12.33353111	0.05724569	0.01749360	-0.99820684	0.64522625	0.00327810	0.99983779	0.01771018	0.08221855	
0.99804843	-0.01156216	0.06136489	12.32505805	0.06158907	0.02014850	-0.99789820	0.64899938	0.01030145	0.99973014	0.02082128	0.08220022	
0.99781146	-0.00810660	0.06562447	12.31833314	0.06578499	0.02144197	-0.99760342	0.65305528	0.00668005	0.99973723	0.02192834	0.08245759	
0.99763908	-0.00781775	0.06822869	12.31195704	0.06838784	0.02231703	-0.99740917	0.65802940	0.00627484	0.99972038	0.02279898	0.08311934	
0.99762708	-0.00865991	0.06830245	12.30411093	0.06851917	0.02785487	-0.99726086	0.66195940	0.00673363	0.99957447	0.02838214	0.08413023	
0.99772349	-0.00244135	0.06739350	12.29793706	0.06743769	0.03563200	-0.99708702	0.66576172	0.00003288	0.99936200	0.03571552	0.08393141	
0.99760113	-0.00117457	0.06921417	12.29196684	0.06920994	0.03717492	-0.99690923	0.67003372	-0.00140209	0.99930808	0.03716703	0.08317403	
0.99730690	-0.00819617	0.07288195	12.28573807	0.07311831	0.03367012	-0.99675475	0.67570987	0.00571563	0.99939939	0.03417874	0.08387974	
0.99707243	-0.01293383	0.07536102	12.27771818	0.07574369	0.03221301	-0.99660685	0.67953484	0.01046233	0.99939734	0.03309836	0.08401980	
0.99696419	-0.01186888	0.07695148	12.27216033	0.07729157	0.03150744	-0.99651056	0.68418183	0.00940292	0.99943304	0.03232915	0.08434971	
0.99683020	-0.01886828	0.07728864	12.26579103	0.07783724	0.03031492	-0.99650508	0.68944570	0.01645934	0.99936229	0.03168748	0.08497067	
0.99673731	-0.02660272	0.07620389	12.25883337	0.07700870	0.03066573	-0.99655872	0.69426351	0.02417433	0.99917561	0.03261432	0.08522881	
0.99685992	-0.03096143	0.07288137	12.25193753	0.07377987	0.02894178	-0.99685450	0.69873135	0.02875473	0.99910148	0.03113523	0.08549693	
0.99711301	-0.03510038	0.06733205	12.24576065	0.06831137	0.02748975	-0.99728525	0.70379816	0.03315415	0.99900564	0.02980814	0.08636331	
0.99724004	-0.04101580	0.06188708	12.23911078	0.06305043	0.02770313	-0.99762577	0.70864467	0.03920395	0.99877437	0.03021273	0.08678502	
0.99731932	-0.04440771	0.05815602	12.23225864	0.05938643	0.02690867	-0.99787232	0.71313026	0.04274833	0.99865103	0.02947375	0.08744180	
0.99729924	-0.04780201	0.05576021	12.22646578	0.05712866	0.02775484	-0.99798095	0.71811601	0.04615788	0.99847115	0.03041075	0.08813062	
0.99689871	-0.05749053	0.05373827	12.21975969	0.05548390	0.02921005	-0.99803222	0.72357746	0.05580771	0.99791864	0.03230926	0.08894344	
0.99671534	-0.06346410	0.05030751	12.21247458	0.05246587	0.03281296	-0.99808348	0.72813846	0.06169173	0.99744454	0.03603488	0.08935612	
0.99680320	-0.06494353	0.04653732	12.20583877	0.04882730	0.03413035	-0.99822393	0.73278096	0.06323985	0.99730510	0.03719226	0.08935860	
0.99689086	-0.06620594	0.04272463	12.19933713	0.04494110	0.03235811	-0.99846545	0.73753032	0.06472186	0.99728117	0.03523287	0.08976894	
0.99686381	-0.06854714	0.03954533	12.19283520	0.04167772	0.02996201	-0.99868175	0.74262437	0.06727192	0.99719786	0.03272493	0.08991129	
0.99684154	-0.07012817	0.03726899	12.18622543	0.03917039	0.02593584	-0.99889590	0.74769796	0.06908414	0.99720077	0.02860087	0.09061152	
0.99672347	-0.07196375	0.03692623	12.17977500	0.03875177	0.02413808	-0.99895728	0.75251451	0.07099738	0.99711512	0.02684771	0.09095023	
0.99641238	-0.07539139	0.03845134	12.17324733	0.04014663	0.02110085	-0.99897097	0.75771907	0.07450246	0.99693074	0.02405186	0.09088888	
0.99613427	-0.07846666	0.03949060	12.16667393	0.04091737	0.01665867	-0.99902365	0.76270323	0.07773219	0.99677754	0.01980492	0.09159612	
0.99561222	-0.08378038	0.04167916	12.15979706	0.04314350	0.01574368	-0.99894483	0.76776097	0.08303579	0.99635987	0.01928917	0.09229027	
0.99539395	-0.08472826	0.04485549	12.15295674	0.04638611	0.01618264	-0.99879250	0.77223174	0.08390007	0.99627268	0.02003831	0.09237231	
0.99516909	-0.08502837	0.04907803	12.14653677	0.05050207	0.01467733	-0.99861610	0.77723408	0.08419037	0.99627042	0.01890053	0.09255124	
0.99485389	-0.08694024	0.05203004	12.13976793	0.05337706	0.01323989	-0.99848665	0.78217409	0.08611980	0.99612554	0.01781237	0.09303937	
0.99463679	-0.08834085	0.05379169	12.13248936	0.05498376	0.01111474	-0.99842538	0.78710346	0.08760386	0.99602829	0.01591244	0.09351580	
0.99477585	-0.08581609	0.05528665	12.12550697	0.05641968	0.01083252	-0.99834837	0.79165038	0.08507546	0.99625210	0.01561765	0.09365001	
0.99503996	-0.08208889	0.05618615	12.11896216	0.05716042	0.00956505	-0.99831919	0.79643462	0.08141349	0.99657911	0.01420985	0.09403157	
0.99515055	-0.08023221	0.05690496	12.11185796	0.05778877	0.00873510	-0.99829062	0.80115757	0.07959800	0.99673792	0.01332926	0.09416561	
0.99545627	-0.07616272	0.05714945	12.10502879	0.05776196	0.00586186	-0.99831317	0.80587341	0.07569924	0.99707817	0.01023453	0.09494061	
0.99562512	-0.07365802	0.05749010	12.09837176	0.05818122	0.00726994	-0.99827957	0.81077193	0.07311334	0.99725706	0.01152365	0.09538375	
0.99581114	-0.07046509	0.05826531	12.09070470	0.05891490	0.00717406	-0.99823723	0.81507360	0.06992288	0.99748845	0.01129546	0.09566502	
0.99609324	-0.06541607	0.05932114	12.08444235	0.05990478	0.00699518	-0.99817959	0.82013224	0.06488202	0.99783356	0.01088659	0.09652733	
0.99621647	-0.06365189	0.05917077	12.07725865	0.05998686	0.01098558	-0.99813871	0.82471845	0.06288339	0.99791170	0.01476229	0.09721424	
0.99634219	-0.06158980	0.05923636	12.07025531	0.06027712	0.01517819	-0.99806628	0.82934223	0.06057161	0.99798613	0.01883513	0.09750508	
0.99646932	-0.05976712	0.05896426	12.06335276	0.06018628	0.01885507	-0.99800907	0.83398551	0.05853636	0.99803426	0.02238566	0.09755877	
0.99651096	-0.05811894	0.05990065	12.05633053	0.06108016	0.01873350	-0.99795705	0.83868915	0.05687806	0.99813388	0.02221805	0.09772511	
0.99656912	-0.05710758	0.05990595	12.04872689	0.06107393	0.01892964	-0.99795373	0.84322826	0.05585672	0.99818856	0.02235248	0.09846902	
0.99679038	-0.05364155	0.05942665	12.04218550	0.06063792	0.02124162	-0.99793378	0.84793105	0.05226840	0.99833430	0.02442615	0.09871097	
0.99690488	-0.05126164	0.05960618	12.03543922	0.06080169	0.02208589	-0.99790549	0.85240395	0.04983781	0.99844101	0.02513433	0.09853045	
0.99682635	-0.05171656	0.06051958	12.02838331	0.06159439	0.01944663	-0.99791180	0.85718169	0.05043166	0.99847245	0.02257036	0.09898577	
0.99670864	-0.05202174	0.06217412	12.02164803	0.06309910	0.01632978	-0.99787366	0.86206342	0.05089583	0.99851243	0.01955856	0.09906334	
0.99654814	-0.05431005	0.06278704	12.01475274	0.06361740	0.01369616	-0.99788037	0.86698979	0.05333500	0.99843018	0.01710394	0.10016413	
0.99640744	-0.05656326	0.06303017	12.00756347	0.06397120	0.01498143	-0.99783929	0.87149358	0.05549677	0.99828661	0.01854602	0.10014330	
0.99624523	-0.05861039	0.06372014	12.00072813	0.06453741	0.01215666	-0.99784124	0.87659271	0.05770924	0.99820691	0.01589358	0.10023617	
0.99613297	-0.06036508	0.06383703	11.99317524	0.06453454	0.00967473	-0.99786858	0.88117735	0.05961881	0.99812948	0.01353295	0.10073469	
0.99614501	-0.05710647	0.06658811	11.98569829	0.06702287	0.00572985	-0.99773499	0.88534176	0.05659558	0.99835165	0.00953520	0.10051409	
0.99608437	-0.05350884	0.07037561	11.97946482	0.07048627	0.00018128	-0.99751273	0.89052921	0.05336300	0.99856736	0.00395221	0.10117716	
0.99579169	-0.05503646	0.07327954	11.97227763	0.07328842	-0.00185952	-0.99730905	0.89571827	0.05502462	0.99848261	0.00218184	0.10184943	
0.99568129	-0.05578515	0.07420772	11.96481187	0.07422032	-0.00184880	-0.99724015	0.90052522	0.05576839	0.99844108	0.00229957	0.10250516	
0.99570687	-0.05617988	0.07356392	11.95725574	0.07363909	-0.00073384	-0.99728469	0.90540986	0.05608131	0.99842039	0.00340634	0.10264933	
0.99598984	-0.05257964	0.07238527	11.94982447	0.07235136	-0.00255058	-0.99737595	0.90979399	0.05262629	0.99861348	0.00126385	0.10272697	
0.99622821	-0.05070238	0.07041753	11.94258392	0.07023060	-0.00546128	-0.99751583	0.91487999	0.05096099	0.99869888	-0.00187982	0.10294618	
0.99653584	-0.04790036	0.06798438	11.93471029	0.06755573	-0.01051333	-0.99766011	0.91953479	0.04850302	0.99879679	-0.00724097	0.10297490	
0.99692356	-0.04380462	0.06499668	11.92781190	0.06433674	-0.01631206	-0.99779492	0.92473930	0.04476826	0.99890694	-0.01344363	0.10334574	
0.99711937	-0.04243717	0.06286535	11.92015153	0.06196221	-0.02227328	-0.99782994	0.92983092	0.04374530	0.99885083	-0.01957962	0.10392604	
0.99734981	-0.04040276	0.06050602	11.91186096	0.05943705	-0.02715581	-0.99786262	0.93485742	0.04195950	0.99881439	-0.02468242	0.10480549	
0.99778454	-0.03213047	0.05825494	11.90447146	0.05738901	-0.02724522	-0.99798006	0.93926870	0.03365274	0.99911227	-0.02534092	0.10563039	
0.99805482	-0.02482666	0.05718580	11.89692575	0.05654918	-0.02562950	-0.99807080	0.94359253	0.02624441	0.99936318	-0.02417572	0.10538544	
0.99820014	-0.01748711	0.05736440	11.89019818	0.05686705	-0.02772278	-0.99799679	0.94852949	0.01904238	0.99946268	-0.02667845	0.10561728	
0.99809388	-0.01701257	0.05932267	11.88273699	0.05880120	-0.02966899	-0.99782873	0.95373759	0.01873568	0.99941499	-0.02861207	0.10539474	
0.99801396	-0.01735145	0.06055620	11.87553589	0.05992759	-0.03470817	-0.99759913	0.95910572	0.01941159	0.99924685	-0.03359941	0.10606085	
0.99796138	-0.01963461	0.06072530	11.86726890	0.05996318	-0.03731800	-0.99750277	0.96367696	0.02185172	0.99911053	-0.03606456	0.10625003	
0.99796963	-0.01845100	0.06096051	11.86012140	0.06014675	-0.04184213	-0.99731219	0.96847660	0.02095213	0.99895385	-0.04064741	0.10669443	
0.99787784	-0.02075810	0.06171647	11.85217946	0.06074164	-0.04470359	-0.99715197	0.97330982	0.02345793	0.99878461	-0.04334784	0.10719793	
0.99779614	-0.01845577	0.06373577	11.84506858	0.06278058	-0.04838702	-0.99685370	0.97764081	0.02148169	0.99865814	-0.04712172	0.10723247	
0.99747876	-0.02307694	0.06710863	11.83743082	0.06584180	-0.05185763	-0.99648163	0.98286125	0.02647584	0.99838782	-0.05020746	0.10768312	
0.99713869	-0.02744054	0.07043762	11.82955742	0.06884935	-0.05506484	-0.99610623	0.98780957	0.03121233	0.99810565	-0.05301802	0.10803887	
0.99700702	-0.02969410	0.07138117	11.82239719	0.06961463	-0.05678752	-0.99595631	0.99265379	0.03362759	0.99794461	-0.05455041	0.10862264	
0.99689403	-0.03622149	0.06993072	11.81398416	0.06779764	-0.05710362	-0.99606358	0.99735379	0.04007220	0.99771097	-0.05447053	0.10894982	
0.99704042	-0.03672806	0.06753844	11.80672900	0.06525420	-0.06019119	-0.99605166	1.00181107	0.04064826	0.99751094	-0.05761639	0.10897711	
0.99690149	-0.04340765	0.06559881	11.79917718	0.06277688	-0.06345848	-0.99600807	1.00716554	0.04739717	0.99704002	-0.06053686	0.10904421	
0.99677857	-0.04711399	0.06490577	11.79044663	0.06147972	-0.07084771	-0.99559070	1.01145131	0.05150468	0.99637386	-0.06772292	0.10884019	
0.99657883	-0.05080159	0.06519070	11.78391175	0.06112940	-0.07776757	-0.99509567	1.01732560	0.05562216	0.99567635	-0.07439604	0.10961029	
0.99612976	-0.05719618	0.06673909	11.77490287	0.06195236	-0.08172933	-0.99472721	1.02173214	0.06234914	0.99501202	-0.07786958	0.10973942	
0.99601552	-0.05759936	0.06808383	11.76645741	0.06291690	-0.08720317	-0.99420172	1.02627498	0.06320251	0.99452397	-0.08323174	0.11075624	
0.99598925	-0.05538317	0.07027173	11.75818871	0.06523311	-0.08805930	-0.99397696	1.03045376	0.06123767	0.99457441	-0.08409330	0.11109538	
0.99595178	-0.05300578	0.07259784	11.74983776	0.06773338	-0.08842267	-0.99377745	1.03486442	0.05909524	0.99467171	-0.08447445	0.11122613	
0.99628003	-0.04706342	0.07218815	11.74142751	0.06778665	-0.08922112	-0.99370245	1.03888681	0.05320775	0.99489930	-0.08569895	0.11209945	
0.99661895	-0.04193552	0.07065467	11.73366458	0.06682238	-0.08665500	-0.99399481	1.04316438	0.04780627	0.99535538	-0.08355979	0.11216950	
0.99687807	-0.03886192	0.06873036	11.72506563	0.06518783	-0.08605701	-0.99415529	1.04754700	0.04454951	0.99553199	-0.08325502	0.11259978	
0.99729001	-0.03129703	0.06658176	11.71659104	0.06372794	-0.08471555	-0.99436514	1.05099667	0.03676119	0.99591354	-0.08249147	0.11270712	
0.99748081	-0.02328074	0.06700775	11.70901263	0.06477567	-0.08612399	-0.99417643	1.05529051	0.02891614	0.99601238	-0.08439901	0.11266629	
0.99738213	-0.02064138	0.06930238	11.70048170	0.06725724	-0.08719165	-0.99391855	1.05978949	0.02655844	0.99597769	-0.08557511	0.11274848	
0.99735232	-0.01283369	0.07157965	11.69253869	0.07012207	-0.09107502	-0.99337215	1.06364382	0.01926774	0.99576134	-0.08993395	0.11267861	
0.99727467	-0.01190525	0.07281145	11.68463364	0.07139252	-0.09322167	-0.99308249	1.06859501	0.01861050	0.99557420	-0.09211766	0.11385669	
0.99716932	-0.01187485	0.07424516	11.67606807	0.07284283	-0.09216482	-0.99307581	1.07292120	0.01863542	0.99567296	-0.09103893	0.11351433	
0.99709787	-0.00924619	0.07556687	11.66748831	0.07438458	-0.09303132	-0.99288071	1.07697124	0.01621045	0.99562025	-0.09207355	0.11373992	
0.99709948	-0.00531271	0.07592372	11.65880996	0.07507522	-0.09523256	-0.99262000	1.08111220	0.01250391	0.99544087	-0.09455748	0.11405718	
0.99710605	0.00130046	0.07601204	11.65086723	0.07577302	-0.09804462	-0.99229315	1.08511330	0.00616213	0.99518117	-0.09785942	0.11426156	
0.99706905	0.00143153	0.07649349	11.64267971	0.07624944	-0.10054634	-0.99200628	1.09020488	0.00627105	0.99493135	-0.10036080	0.11489812	
0.99698447	0.00172687	0.07758212	11.63328126	0.07736142	-0.10067171	-0.99190746	1.09455578	0.00609743	0.99491820	-0.10050172	0.11530145	
0.99696424	0.00894655	0.07734512	11.62516112	0.07784963	-0.09769010	-0.99216736	1.09824792	-0.00132063	0.99517667	-0.09809002	0.11572966	
0.99688739	0.01262803	0.07782078	11.61679290	0.07867443	-0.09565543	-0.99230055	1.10247331	-0.00508682	0.99533440	-0.09635119	0.11584352	
0.99686480	0.01379289	0.07791229	11.60811251	0.07887034	-0.09447014	-0.99239854	1.10707701	-0.00632765	0.99543214	-0.09526181	0.11623067	
0.99692526	0.01653827	0.07659316	11.59949897	0.07780265	-0.09271584	-0.99264824	1.11117924	-0.00931529	0.99555525	-0.09371749	0.11628214	
0.99703614	0.01941400	0.07444477	11.59127966	0.07592347	-0.09192843	-0.99286695	1.11535001	-0.01243193	0.99557635	-0.09312994	0.11692726	
0.99724453	0.01795886	0.07197792	11.58295028	0.07330765	-0.08982483	-0.99325600	1.12004834	-0.01137235	0.99579565	-0.09089384	0.11760233	
0.99747466	0.01479808	0.06946458	11.57407645	0.07047101	-0.08447662	-0.99393035	1.12453293	-0.00884013	0.99631557	-0.08530613	0.11833628	
0.99763604	0.01495099	0.06707313	11.56605585	0.06802799	-0.07677440	-0.99472503	1.12846843	-0.00972262	0.99693639	-0.07760999	0.11855410	
0.99775316	0.01176787	0.06595563	11.55677896	0.06662385	-0.07048805	-0.99528523	1.13251462	-0.00706331	0.99744321	-0.07111370	0.11894052	
0.99779666	0.01346624	0.06496520	11.54874482	0.06571359	-0.06569573	-0.99567354	1.13617172	-0.00914005	0.99774883	-0.06643590	0.11837166	
0.99791997	0.00816186	0.06394626	11.54093098	0.06434525	-0.06567076	-0.99576455	1.14131070	-0.00392790	0.99780797	-0.06605934	0.11886239	
0.99816221	-0.00012720	0.06059856	11.53162359	0.06046456	-0.06440818	-0.99609017	1.14559148	0.00402974	0.99792363	-0.06428212	0.11911404	
0.99843156	-0.00443646	0.05580986	11.52379882	0.05541934	-0.06314317	-0.99646457	1.14982166	0.00794479	0.99799462	-0.06279826	0.11981725	
0.99856738	-0.01614900	0.05101361	11.51578903	0.04994766	-0.06066880	-0.99690748	1.15484398	0.01919399	0.99802731	-0.05977528	0.11995836	
0.99854670	-0.02801771	0.04603809	11.50640291	0.04434839	-0.05820352	-0.99731919	1.15888067	0.03062217	0.99791150	-0.05687640	0.12063536	
0.99863564	-0.03167743	0.04151382	11.49826423	0.03974323	-0.05461334	-0.99771632	1.16230603	0.03387230	0.99800497	-0.05327986	0.12055941	
0.99846487	-0.03991587	0.03840089	11.49003535	0.03627716	-0.05263265	-0.99795479	1.16696188	0.04185538	0.99781588	-0.05110382	0.12144615	
0.99819507	-0.04803226	0.03604874	11.48101785	0.03377003	-0.04743671	-0.99830323	1.17083334	0.04966079	0.99771873	-0.04572904	0.12101202	
0.99806460	-0.05136123	0.03505834	11.47188939	0.03258084	-0.04830484	-0.99830112	1.17444993	0.05296746	0.99751124	-0.04653796	0.12098157	
0.99801339	-0.05412604	0.03224360	11.46431489	0.02963947	-0.04824440	-0.99839570	1.17898434	0.05559478	0.99736796	-0.04654429	0.12196211	
0.99770217	-0.06105672	0.02936770	11.45506437	0.02665721	-0.04474338	-0.99864279	1.18291815	0.06228786	0.99713094	-0.04301297	0.12190688	
0.99755788	-0.06483595	0.02597246	11.44694303	0.02323424	-0.04263569	-0.99882049	1.18703920	0.06586683	0.99698470	-0.04102515	0.12225197	
0.99716625	-0.07194832	0.02197536	11.43776730	0.01916200	-0.03956202	-0.99903336	1.19124812	0.07274816	0.99662344	-0.03807124	0.12254455	
0.99715209	-0.07328895	0.01778891	11.42903418	0.01507799	-0.03737814	-0.99918743	1.19454579	0.07389431	0.99661006	-0.03616664	0.12267735	
0.99686695	-0.07765333	0.01504172	11.42042261	0.01226277	-0.03614029	-0.99927149	1.19882667	0.07814037	0.99632517	-0.03507482	0.12294298	
0.99656102	-0.08188908	0.01266112	11.41077827	0.00985289	-0.03460683	-0.99935243	1.20282735	0.08227421	0.99604043	-0.03368097	0.12360627	
0.99680876	-0.07918054	0.01013624	11.40215803	0.00767928	-0.03127307	-0.99948138	1.20608474	0.07945646	0.99636963	-0.03056522	0.12373874	
0.99669766	-0.08082264	0.00784077	11.39385567	0.00562422	-0.02761615	-0.99960278	1.21047686	0.08100707	0.99634585	-0.02707039	0.12440488	
0.99646982	-0.08382631	0.00458860	11.38380433	0.00281258	-0.02129269	-0.99976933	1.21392910	0.08390467	0.99625287	-0.02098175	0.12474038	
0.99680385	-0.07982244	0.00323405	11.37464618	0.00176648	-0.01844922	-0.99982824	1.21715795	0.07986840	0.99663835	-0.01824925	0.12434666	
0.99710113	-0.07602493	0.00308826	11.36610085	0.00174279	-0.01775772	-0.99984080	1.22087970	0.07606766	0.99694778	-0.01757375	0.12448289	
0.99720822	-0.07453124	0.00456785	11.35656752	0.00330178	-0.01710156	-0.99984831	1.22466119	0.07459805	0.99707203	-0.01680773	0.12476877	
0.99767899	-0.06779091	0.00640552	11.34721538	0.00528680	-0.01666903	-0.99984708	1.22774577	0.06788732	0.99756029	-0.01627194	0.12487901	
0.99812883	-0.06078803	0.00660748	11.33860410	0.00572978	-0.01460184	-0.99987697	1.23117865	0.06087704	0.99804389	-0.01422622	0.12522030	
0.99826114	-0.05801432	0.01044218	11.33007765	0.00965989	-0.01374853	-0.99985882	1.23537886	0.05814969	0.99822108	-0.01316421	0.12426015	
0.99836067	-0.05586021	0.01247441	11.32025555	0.01157020	-0.01648116	-0.99979723	1.23880351	0.05605448	0.99830256	-0.01580783	0.12507252	
0.99868261	-0.04946162	0.01365994	11.31176372	0.01289122	-0.01582758	-0.99979163	1.24217452	0.04966751	0.99865061	-0.01516911	0.12503791	
0.99877335	-0.04709309	0.01529831	11.30327100	0.01456836	-0.01580443	-0.99976896	1.24619895	0.04732399	0.99876547	-0.01509897	0.12485408	
0.99874991	-0.04658172	0.01813177	11.29428354	0.01733039	-0.01755061	-0.99969577	1.25003881	0.04688577	0.99876029	-0.01672139	0.12465649	
0.99867375	-0.04654802	0.02200042	11.28582221	0.02108049	-0.02016259	-0.99957445	1.25411025	0.04697180	0.99871255	-0.01915460	0.12467563	
0.99841167	-0.05008780	0.02579448	11.27687927	0.02466918	-0.02295628	-0.99943206	1.25846742	0.05065150	0.99848096	-0.02168419	0.12484412	
0.99827492	-0.05208719	0.02709455	11.26810240	0.02590174	-0.02344049	-0.99938964	1.26230025	0.05269051	0.99836740	-0.02205091	0.12507513	
0.99814983	-0.05476187	0.02642064	11.25922619	0.02514146	-0.02391781	-0.99939774	1.26618698	0.05536082	0.99821294	-0.02249677	0.12500347	
0.99796764	-0.05848440	0.02530167	11.25060733	0.02377081	-0.02672478	-0.99936016	1.27055526	0.05912316	0.99793054	-0.02528024	0.12519321	
0.99776110	-0.06279418	0.02301464	11.24153063	0.02118815	-0.02959942	-0.99933725	1.27456759	0.06343378	0.99758747	-0.02820266	0.12498105	
0.99755185	-0.06646071	0.02175482	11.23286588	0.01943739	-0.03531916	-0.99918704	1.27892569	0.06717504	0.99716374	-0.03394087	0.12518459	
0.99721185	-0.07175049	0.02050356	11.22428991	0.01762989	-0.04045749	-0.99902571	1.28345384	0.07251011	0.99660175	-0.03907974	0.12527355	
0.99683939	-0.07730826	0.01829399	11.21484823	0.01484223	-0.04499038	-0.99887716	1.28793212	0.07804451	0.99599162	-0.04370076	0.12650092	
0.99686336	-0.07784190	0.01428534	11.20522040	0.01077729	-0.04530155	-0.99891522	1.29154513	0.07840461	0.99593595	-0.04432053	0.12741769	
0.99689725	-0.07799834	0.01058944	11.19718035	0.00728722	-0.04250070	-0.99906986	1.29606987	0.07837585	0.99604716	-0.04180044	0.12781708	
0.99676631	-0.07993818	0.00817409	11.18780787	0.00505851	-0.03910003	-0.99922250	1.29992881	0.08019563	0.99603267	-0.03856923	0.12778637	
0.99686019	-0.07894882	0.00606949	11.17895997	0.00298900	-0.03907864	-0.99923167	1.30385014	0.07912535	0.99611241	-0.03871996	0.12805634	
0.99677439	-0.08021164	0.00262648	11.17092567	-0.00045013	-0.03831397	-0.99926565	1.30840244	0.08025337	0.99604123	-0.03822649	0.12828221	
0.99635930	-0.08525237	-0.00041661	11.16180149	-0.00378455	-0.03934783	-0.99921841	1.31295479	0.08516935	0.99558213	-0.03952722	0.12838029	
0.99608643	-0.08832051	-0.00336347	11.15362124	-0.00710549	-0.04208852	-0.99908862	1.31744957	0.08809846	0.99520251	-0.04255137	0.12889239	
0.99550728	-0.09449982	-0.00591961	11.14486941	-0.01003668	-0.04315126	-0.99901813	1.32195269	0.09415160	0.99458924	-0.04390586	0.12975485	
0.99487758	-0.10083278	-0.00716598	11.13623934	-0.01155685	-0.04302952	-0.99900696	1.32624078	0.10042430	0.99397244	-0.04397441	0.12996572	
0.99394813	-0.10963139	-0.00693421	11.12852543	-0.01165468	-0.04247569	-0.99902952	1.33146287	0.10923046	0.99306434	-0.04349636	0.13029840	
0.99269782	-0.12042454	-0.00699836	11.11891845	-0.01202943	-0.04110165	-0.99908255	1.33568578	0.12002641	0.99187125	-0.04225015	0.13063962	
0.99199685	-0.12604836	-0.00735285	11.10966899	-0.01276055	-0.04214816	-0.99902988	1.33981233	0.12561617	0.99112832	-0.04341929	0.13111366	
0.99140723	-0.13057837	-0.00781005	11.10129772	-0.01345312	-0.04238983	-0.99901057	1.34409056	0.13011811	0.99053137	-0.04378227	0.13120276	
0.99061771	-0.13642259	-0.00808829	11.09269422	-0.01427671	-0.04444489	-0.99890982	1.34871213	0.13591438	0.98965324	-0.04597556	0.13160256	
0.98977168	-0.14229053	-0.01026769	11.08436730	-0.01663602	-0.04363872	-0.99890886	1.35316447	0.14168720	0.98886251	-0.04555952	0.13240038	
0.98857853	-0.15021223	-0.01219701	11.07516807	-0.01865224	-0.04164038	-0.99895854	1.35752760	0.14954790	0.98777648	-0.04396658	0.13251341	
0.98782459	-0.15514671	-0.01149240	11.06569374	-0.01845808	-0.04353166	-0.99888152	1.36187261	0.15447290	0.98693186	-0.04586535	0.13223116	
0.98794894	-0.15438502	-0.01105208	11.05651659	-0.01872074	-0.04830715	-0.99865707	1.36559063	0.15364380	0.98682911	-0.05061520	0.13267941	
0.98771821	-0.15584214	-0.01122298	11.04875307	-0.01960371	-0.05234468	-0.99843664	1.37053800	0.15501104	0.98639407	-0.05475688	0.13342821	
0.98672917	-0.16182070	-0.01340139	11.03877499	-0.02213193	-0.05227040	-0.99838769	1.37518803	0.16085930	0.98543486	-0.05515813	0.13454095	
0.98713323	-0.15910209	-0.01595372	11.02948815	-0.02427502	-0.05049604	-0.99842920	1.37861327	0.15804657	0.98596992	-0.05370852	0.13483266	
0.98746707	-0.15695509	-0.01654941	11.02037678	-0.02464752	-0.04978978	-0.99845555	1.38293170	0.15588868	0.98634988	-0.05303432	0.13555469	
0.98793164	-0.15377085	-0.01859018	11.01122826	-0.02608691	-0.04687934	-0.99855986	1.38709961	0.15267790	0.98699385	-0.05032499	0.13656886	
0.98881060	-0.14764503	-0.02131979	11.00111012	-0.02765706	-0.04100308	-0.99877617	1.39018710	0.14659016	0.98819011	-0.04462771	0.13684492	
0.99014232	-0.13827596	-0.02231482	10.99248730	-0.02799144	-0.03924489	-0.99883748	1.39380198	0.13723947	0.98961588	-0.04272856	0.13683532	
0.99076656	-0.13397911	-0.02076586	10.98305467	-0.02637785	-0.04024870	-0.99884145	1.39822670	0.13298809	0.99016647	-0.04341115	0.13666938	
0.99181612	-0.12618087	-0.01947252	10.97393503	-0.02505278	-0.04278922	-0.99876996	1.40178068	0.12519244	0.99108399	-0.04560022	0.13708285	
0.99230366	-0.12242151	-0.01861227	10.96554869	-0.02415843	-0.04397652	-0.99874043	1.40629007	0.12144881	0.99150342	-0.04659557	0.13763464	
0.99223890	-0.12311993	-0.01741953	10.95591309	-0.02295926	-0.04371989	-0.99877998	1.41064012	0.12220814	0.99142829	-0.04620731	0.13821646	
0.99270639	-0.11950145	-0.01591926	10.94647128	-0.02130108	-0.04389416	-0.99880907	1.41429548	0.11866037	0.99186325	-0.04611952	0.13857315	
0.99300631	-0.11695110	-0.01615296	10.93767323	-0.02127472	-0.04267899	-0.99886230	1.41849687	0.11612865	0.99222021	-0.04486861	0.13971924	
0.99301681	-0.11673950	-0.01701469	10.92825892	-0.02171319	-0.03909473	-0.99899957	1.42266817	0.11595752	0.99239281	-0.04135651	0.13982672	
0.99327597	-0.11455672	-0.01672130	10.91875560	-0.02115584	-0.03760462	-0.99906873	1.42662823	0.11382124	0.99270471	-0.03977531	0.14015170	
0.99366872	-0.11141915	-0.01443068	10.90961052	-0.01863118	-0.03675135	-0.99915075	1.43068581	0.11079418	0.99309371	-0.03859454	0.14038954	
0.99396790	-0.10912892	-0.01089467	10.90031993	-0.01506524	-0.03746558	-0.99918435	1.43503824	0.10863173	0.99332130	-0.03888363	0.14038892	
0.99446793	-0.10447047	-0.01092964	10.89064052	-0.01499234	-0.03818274	-0.99915830	1.43841564	0.10396521	0.99379475	-0.03953776	0.14122273	
0.99478400	-0.10132327	-0.01176350	10.88201227	-0.01570572	-0.03819792	-0.99914676	1.44287861	0.10078747	0.99411997	-0.03959003	0.14129512	
0.99486782	-0.10031874	-0.01319749	10.87211829	-0.01736199	-0.04075357	-0.99901837	1.44708501	0.09968242	0.99412036	-0.04228614	0.14186241	
0.99517099	-0.09682032	-0.01614059	10.86324948	-0.02032280	-0.04236610	-0.99889544	1.45109656	0.09602956	0.99439979	-0.04412917	0.14244284	
0.99516330	-0.09660383	-0.01782437	10.85428474	-0.02206642	-0.04302279	-0.99883037	1.45568843	0.09572399	0.99439265	-0.04494641	0.14326331	
0.99505246	-0.09752467	-0.01896131	10.84474037	-0.02307761	-0.04125439	-0.99888212	1.45985154	0.09663341	0.99437770	-0.04330092	0.14397683	
0.99505156	-0.09731661	-0.02004657	10.83547004	-0.02396856	-0.03930100	-0.99893991	1.46405186	0.09642560	0.99447720	-0.04143906	0.14462900	
0.99479517	-0.09933790	-0.02268372	10.82645265	-0.02633105	-0.03556042	-0.99902059	1.46859270	0.09843397	0.99441814	-0.03799101	0.14540021	
0.99450409	-0.10147705	-0.02576851	10.81613533	-0.02915620	-0.03204316	-0.99906114	1.47263902	0.10055607	0.99432170	-0.03482573	0.14587333	
0.99456042	-0.10015634	-0.02860551	10.80729627	-0.03174892	-0.02993281	-0.99904756	1.47696720	0.09920471	0.99452136	-0.03294985	0.14639338	
0.99426091	-0.10258856	-0.03034525	10.79772227	-0.03336271	-0.02782605	-0.99905587	1.48131867	0.10164732	0.99433460	-0.03108899	0.14659376	
0.99386302	-0.10593793	-0.03183465	10.78823489	-0.03492755	-0.02746887	-0.99901228	1.48594852	0.10495883	0.99399327	-0.03100045	0.14693656	
0.99354026	-0.10889356	-0.03193643	10.77865304	-0.03524999	-0.02864095	-0.99896803	1.49067632	0.10786650	0.99364072	-0.03229444	0.14742665	
0.99327102	-0.11052958	-0.03458170	10.76876330	-0.03796158	-0.02862174	-0.99886922	1.49481581	0.10941481	0.99346062	-0.03262502	0.14816149	
0.99312947	-0.11055291	-0.03836558	10.75890548	-0.04190942	-0.02991140	-0.99867357	1.49902868	0.10925870	0.99342003	-0.03433910	0.14891344	
0.99308707	-0.11012742	-0.04062038	10.74936638	-0.04424652	-0.03068436	-0.99854931	1.50344311	0.10872124	0.99344372	-0.03534500	0.14891074	
0.99319819	-0.10800727	-0.04349463	10.74013565	-0.04722782	-0.03224912	-0.99836342	1.50744179	0.10642785	0.99362690	-0.03713072	0.15002042	
0.99286496	-0.10960686	-0.04696291	10.73148412	-0.05034342	-0.02827985	-0.99833150	1.51180815	0.10809587	0.99357264	-0.03359606	0.15083187	
0.99231229	-0.11464501	-0.04661368	10.72084856	-0.04981085	-0.02518128	-0.99844118	1.51598628	0.11329250	0.99308732	-0.03069826	0.15048817	
0.99272956	-0.11185822	-0.04444954	10.71018302	-0.04777858	-0.02725740	-0.99848597	1.51926632	0.11047729	0.99335028	-0.03240365	0.15087098	
0.99364450	-0.10472800	-0.04126328	10.70109277	-0.04460356	-0.02975485	-0.99856155	1.52284400	0.10334957	0.99405568	-0.03423698	0.15075796	
0.99384732	-0.10346230	-0.03953558	10.69201200	-0.04306329	-0.03208713	-0.99855694	1.52764474	0.10204442	0.99411567	-0.03634513	0.15195851	
0.99395736	-0.10197835	-0.04061022	10.68161504	-0.04379350	-0.02917200	-0.99861460	1.53101420	0.10065238	0.99435879	-0.03346172	0.15277091	
0.99425637	-0.09850097	-0.04185493	10.67269760	-0.04458267	-0.02565532	-0.99867622	1.53498024	0.09729677	0.99480619	-0.02989940	0.15335378	
0.99429754	-0.09810171	-0.04181459	10.66243017	-0.04416004	-0.02185917	-0.99878530	1.53858302	0.09706852	0.99493629	-0.02606669	0.15332320	
0.99458672	-0.09608866	-0.03955037	10.65311947	-0.04184588	-0.02199222	-0.99888201	1.54269547	0.09511143	0.99512980	-0.02589408	0.15317820	
0.99455507	-0.09685386	-0.03846476	10.64370002	-0.04085657	-0.02283341	-0.99890409	1.54693626	0.09586943	0.99503667	-0.02666620	0.15397480	
0.99431768	-0.09962190	-0.03752114	10.63364127	-0.03988496	-0.02184254	-0.99896551	1.55107108	0.09869929	0.99478559	-0.02569184	0.15450818	
0.99433633	-0.09998774	-0.03602372	10.62339587	-0.03828668	-0.02080586	-0.99905017	1.55473033	0.09914326	0.99477111	-0.02451622	0.15506439	
0.99451983	-0.09858152	-0.03481367	10.61394760	-0.03684082	-0.01881756	-0.99914396	1.55830867	0.09784203	0.99495105	-0.02234626	0.15546991	
0.99433987	-0.10077494	-0.03365474	10.60391369	-0.03561338	-0.01769976	-0.99920889	1.56259914	0.10009953	0.99475179	-0.02118852	0.15556129	
0.99435911	-0.09979016	-0.03594267	10.59375028	-0.03795064	-0.01829647	-0.99911210	1.56597489	0.09904393	0.99484027	-0.02198036	0.15653597	
0.99423662	-0.09971346	-0.03937974	10.58488491	-0.04118653	-0.01612584	-0.99902133	1.56997765	0.09898085	0.99488551	-0.02013976	0.15687806	
0.99367240	-0.10460442	-0.04090325	10.57472887	-0.04272848	-0.01526694	-0.99897007	1.57442379	0.10387222	0.99439672	-0.01963992	0.15763172	
0.99357075	-0.10544637	-0.04120947	10.56384213	-0.04290137	-0.01382651	-0.99898363	1.57778428	0.10476941	0.99432886	-0.01826141	0.15791670	
0.99402420	-0.10203549	-0.03878981	10.55446451	-0.04041416	-0.01389989	-0.99908633	1.58125540	0.10140309	0.99468364	-0.01794051	0.15779825	
0.99426879	-0.10115021	-0.03461520	10.54492149	-0.03642236	-0.01607368	-0.99920721	1.58507540	0.10051363	0.99474131	-0.01966569	0.15810699	
0.99419846	-0.10299730	-0.03099978	10.53530058	-0.03303895	-0.01815119	-0.99928923	1.58957902	0.10236141	0.99451601	-0.02144880	0.15928489	
0.99408542	-0.10426867	-0.03036811	10.52518618	-0.03208040	-0.01478388	-0.99937595	1.59328753	0.10375464	0.99443928	-0.01804142	0.16044340	
0.99389771	-0.10542803	-0.03243866	10.51560241	-0.03352709	-0.00856762	-0.99940109	1.59713003	0.10508697	0.99439003	-0.01205003	0.16087109	
0.99383027	-0.10542485	-0.03445284	10.50521521	-0.03515391	-0.00479839	-0.99937039	1.60032062	0.10519315	0.99441570	-0.00847488	0.16068410	
0.99402334	-0.10331155	-0.03527489	10.49636335	-0.03607594	-0.00589489	-0.99933166	1.60413400	0.10303456	0.99463158	-0.00958672	0.16101781	
0.99376638	-0.10579521	-0.03515317	10.48672315	-0.03607372	-0.00679968	-0.99932600	1.60833153	0.10548488	0.99436469	-0.01057372	0.16167596	
0.99347640	-0.10823672	-0.03590899	10.47712795	-0.03690952	-0.00725414	-0.99929228	1.61201193	0.10789963	0.99409868	-0.01120178	0.16257999	
0.99295599	-0.11211903	-0.03831084	10.46815205	-0.03924625	-0.00614705	-0.99921066	1.61611904	0.11179503	0.99367577	-0.01050400	0.16304330	
0.99198888	-0.11961703	-0.04061803	10.45853472	-0.04162970	-0.00596997	-0.99911527	1.62039226	0.11926872	0.99280216	-0.01090176	0.16374250	
0.99105292	-0.12604324	-0.04390009	10.44871136	-0.04497753	-0.00571366	-0.99897166	1.62439595	0.12566279	0.99200829	-0.01133166	0.16444253	
0.99014253	-0.13255391	-0.04524642	10.43842941	-0.04652799	-0.00658534	-0.99889528	1.62872005	0.13210951	0.99115392	-0.01268789	0.16457690	
0.98965127	-0.13505391	-0.04848518	10.42843030	-0.05017551	-0.00913842	-0.99869861	1.63264320	0.13443507	0.99079611	-0.01582025	0.16598874	
0.98918260	-0.13735446	-0.05149312	10.41885738	-0.05319114	-0.00871822	-0.99854629	1.63692664	0.13670586	0.99048359	-0.01592995	0.16644145	
0.98876814	-0.13981768	-0.05280707	10.40789305	-0.05469837	-0.00971612	-0.99845565	1.64137714	0.13908867	0.99012959	-0.01725479	0.16762685	
0.98930422	-0.13461928	-0.05616765	10.39759104	-0.05782146	-0.00840391	-0.99829157	1.64459415	0.13391726	0.99086176	-0.01609791	0.16876630	
0.98958450	-0.13059945	-0.06055003	10.38774390	-0.06190042	-0.00630158	-0.99806244	1.64865574	0.12996484	0.99141519	-0.01432010	0.16900842	
0.98991753	-0.12718466	-0.06234856	10.37783983	-0.06386514	-0.00787742	-0.99792745	1.65266194	0.12642992	0.99184778	-0.01592067	0.16879939	
0.99034893	-0.12358848	-0.06272868	10.36753624	-0.06476923	-0.01255889	-0.99782124	1.65672663	0.12253141	0.99225408	-0.02044241	0.16880541	
0.99106467	-0.11763077	-0.06287938	10.35753972	-0.06571015	-0.02033959	-0.99763143	1.66057526	0.11607321	0.99284908	-0.02788738	0.16942737	
0.99128980	-0.11459604	-0.06490203	10.34850924	-0.06825325	-0.02556217	-0.99734050	1.66520584	0.11263224	0.99308324	-0.03316107	0.17017445	
0.99108655	-0.11639950	-0.06479659	10.33883179	-0.06874096	-0.03019380	-0.99717752	1.66981344	0.11411451	0.99274342	-0.03792609	0.17033657	
0.99097394	-0.11940255	-0.06093999	10.32838933	-0.06577632	-0.03698745	-0.99714864	1.67416756	0.11680807	0.99215672	-0.04450746	0.17058325	
0.99103899	-0.12084152	-0.05691264	10.31853386	-0.06256292	-0.04348750	-0.99709313	1.67852202	0.11801526	0.99171879	-0.05065800	0.17163902	
0.99083288	-0.12324678	-0.05532117	10.30874444	-0.06136204	-0.04576738	-0.99706572	1.68273818	0.12035323	0.99132012	-0.05291050	0.17271120	
0.99035642	-0.12728403	-0.05470770	10.29842072	-0.06104564	-0.04643470	-0.99705429	1.68699715	0.12436875	0.99077878	-0.05375704	0.17327068	
0.99012987	-0.12865820	-0.05558702	10.28756725	-0.06205353	-0.04680778	-0.99697462	1.69090234	0.12566706	0.99058372	-0.05432948	0.17448068	
0.99052370	-0.12548384	-0.05582658	10.27721780	-0.06199629	-0.04580925	-0.99702456	1.69408418	0.12255310	0.99103750	-0.05315468	0.17457373	
0.99103915	-0.12222957	-0.05386411	10.26734938	-0.06004826	-0.04748552	-0.99706536	1.69798192	0.11931311	0.99136525	-0.05439969	0.17491784	
0.99121818	-0.12096057	-0.05343284	10.25748241	-0.05966059	-0.04846122	-0.99704169	1.70200676	0.11801331	0.99147368	-0.05525222	0.17583647	
0.99123649	-0.12075253	-0.05356346	10.24707704	-0.05983993	-0.04896304	-0.99700642	1.70579117	0.11776842	0.99147438	-0.05575978	0.17560067	
0.99121980	-0.12139694	-0.05240324	10.23676159	-0.05927237	-0.05367956	-0.99679752	1.71035857	0.11819518	0.99115150	-0.06040373	0.17662929	
0.99123079	-0.12086678	-0.05341109	10.22593451	-0.06030322	-0.05409993	-0.99671296	1.71443420	0.11757995	0.99119343	-0.06091417	0.17801807	
0.99164553	-0.11674585	-0.05485939	10.21517221	-0.06145492	-0.05366355	-0.99666620	1.71776802	0.11341270	0.99171096	-0.06038982	0.17844391	
0.99198675	-0.11325198	-0.05600247	10.20444402	-0.06236696	-0.05345574	-0.99662071	1.72158002	0.10987561	0.99212725	-0.06009056	0.17887608	
0.99247799	-0.10889408	-0.05594202	10.19408308	-0.06213154	-0.05429987	-0.99658978	1.72536278	0.10548508	0.99256919	-0.06065719	0.17965290	
0.99296967	-0.10466045	-0.05529398	10.18371605	-0.06110149	-0.05311910	-0.99671710	1.72893578	0.10137969	0.99308839	-0.05914057	0.18030555	
0.99331105	-0.10181111	-0.05447623	10.17318157	-0.06001380	-0.05214140	-0.99683480	1.73268769	0.09864839	0.99343635	-0.05790270	0.18097060	
0.99351947	-0.10035167	-0.05337232	10.16226237	-0.05866711	-0.05057148	-0.99699584	1.73678875	0.09735108	0.99366597	-0.05613109	0.18154349	
0.99389296	-0.09611716	-0.05420589	10.15140288	-0.05901857	-0.04795407	-0.99710442	1.73995773	0.09323945	0.99421421	-0.05333391	0.18200636	
0.99416737	-0.09368756	-0.05342168	10.14088817	-0.05801202	-0.04697557	-0.99721006	1.74394622	0.09091667	0.99449280	-0.05213658	0.18161463	
0.99450322	-0.09046866	-0.05271392	10.12931115	-0.05740374	-0.05004349	-0.99709601	1.74743277	0.08756795	0.99464118	-0.05496166	0.18231104	
0.99496375	-0.08427960	-0.05425950	10.11876808	-0.05880702	-0.05244515	-0.99689079	1.75080735	0.08117191	0.99506103	-0.05713725	0.18262869	
0.99529090	-0.08005731	-0.05465205	10.10796154	-0.05925223	-0.05625826	-0.99665650	1.75460173	0.07671501	0.99520140	-0.06073691	0.18274615	
0.99579724	-0.07489933	-0.05270622	10.09668161	-0.05731912	-0.06083412	-0.99650074	1.75828583	0.07143090	0.99533376	-0.06487161	0.18368641	
0.99662860	-0.06498764	-0.05008039	10.08565851	-0.05419129	-0.06311651	-0.99653380	1.76108905	0.06160148	0.99588800	-0.06642548	0.18448128	
0.99718155	-0.05680634	-0.04901009	10.07585369	-0.05251175	-0.06188297	-0.99670107	1.76480579	0.05358605	0.99646552	-0.06469155	0.18564040	
0.99752181	-0.05182483	-0.04758598	10.06450677	-0.05060284	-0.05854629	-0.99700135	1.76825173	0.04888344	0.99693857	-0.06102368	0.18581563	
0.99798001	-0.04280219	-0.04694531	10.05392660	-0.04932355	-0.05631339	-0.99719406	1.77105468	0.04003844	0.99749525	-0.05831079	0.18632844	
0.99830897	-0.03540336	-0.04610639	10.04297002	-0.04803646	-0.05575350	-0.99728835	1.77414117	0.03273677	0.99781669	-0.05735987	0.18648974	
0.99849417	-0.02969218	-0.04612777	10.03396555	-0.04773026	-0.05573791	-0.99730392	1.77827028	0.02704106	0.99800384	-0.05707119	0.18711030	
0.99843537	-0.03062170	-0.04678812	10.02315156	-0.04837672	-0.05337605	-0.99740197	1.78210833	0.02804478	0.99810486	-0.05477392	0.18757027	
0.99839722	-0.03064268	-0.04758172	10.01371593	-0.04911391	-0.05135842	-0.99747187	1.78587426	0.02812148	0.99821007	-0.05278108	0.18807148	
0.99815220	-0.03724129	-0.04801333	10.00323956	-0.04983097	-0.04952017	-0.99752926	1.79007131	0.03477165	0.99807857	-0.05128443	0.18823200	
0.99788005	-0.04337894	-0.04851465	9.99315906	-0.05070089	-0.05080541	-0.99742079	1.79389559	0.04080225	0.99776604	-0.05289706	0.18896800	
0.99717695	-0.05577402	-0.05027320	9.98239911	-0.05308410	-0.05011644	-0.99733165	1.79885648	0.05310568	0.99718484	-0.05293567	0.19000023	
0.99654905	-0.06386511	-0.05302110	9.97117332	-0.05621092	-0.04922961	-0.99720448	1.80209395	0.06107636	0.99674354	-0.05264964	0.18936690	
0.99572928	-0.07376967	-0.05550895	9.96150624	-0.05948177	-0.05279438	-0.99683232	1.80729252	0.07060543	0.99587689	-0.05695686	0.19058238	
0.99465156	-0.08436889	-0.05958330	9.94908496	-0.06421497	-0.05329024	-0.99651221	1.81097820	0.08089942	0.99500856	-0.05842296	0.19131339	
0.99400534	-0.08825890	-0.06452706	9.93882749	-0.06952402	-0.05476379	-0.99607597	1.81468245	0.08437882	0.99459102	-0.06057161	0.19206823	
0.99306777	-0.09535836	-0.06872538	9.92751704	-0.07427582	-0.05592847	-0.99566817	1.81899675	0.09110158	0.99387061	-0.06262358	0.19272436	
0.99265946	-0.09781307	-0.07113224	9.91544339	-0.07702656	-0.05786313	-0.99534857	1.82220485	0.09324216	0.99352124	-0.06497259	0.19314224	
0.99276413	-0.09558397	-0.07268481	9.90432547	-0.07876739	-0.06147872	-0.99499551	1.82571345	0.09063705	0.99352105	-0.06856277	0.19388362	
0.99303320	-0.09228168	-0.07327446	9.89346070	-0.07929842	-0.06339395	-0.99483314	1.82905761	0.08715972	0.99371288	-0.07027009	0.19462321	
0.99362855	-0.08809940	-0.07029081	9.88197678	-0.07616539	-0.06519280	-0.99496167	1.83225265	0.08307308	0.99397605	-0.07148755	0.19426833	
0.99422487	-0.08389065	-0.06692738	9.87109170	-0.07286881	-0.06988366	-0.99489015	1.83605679	0.07878485	0.99402145	-0.07559308	0.19473326	
0.99481502	-0.07856917	-0.06457520	9.86076094	-0.07043727	-0.07427958	-0.99474677	1.83923000	0.07335981	0.99413753	-0.07942864	0.19465996	
