0.99967301	0.02557100	0.00000000	-0.02556974	0.99962391	-0.00991124	-0.00025344	0.00990800	0.99995088	
0.99967301	0.02557100	0.00000000	-0.02556974	0.99962391	-0.00991124	-0.00025344	0.00990800	0.99995088	
0.99959769	0.02836300	0.00000000	-0.02835930	0.99946717	-0.01615950	-0.00045833	0.01615300	0.99986943	
0.99942659	0.03385999	0.00000000	-0.03384797	0.99907171	-0.02664627	-0.00090224	0.02663099	0.99964493	
0.99938127	0.03517199	0.00000000	-0.03515618	0.99893182	-0.02998755	-0.00105472	0.02996899	0.99955027	
0.99929114	0.03764600	0.00000000	-0.03762475	0.99872697	-0.03359782	-0.00126482	0.03357400	0.99943543	
0.99914116	0.04143599	0.00000000	-0.04141226	0.99856885	-0.03384206	-0.00140228	0.03381299	0.99942719	
0.99905912	0.04336898	0.00000000	-0.04333978	0.99838654	-0.03668750	-0.00159110	0.03665298	0.99932679	
0.99916815	0.04078000	0.00000000	-0.04075571	0.99857301	-0.03450971	-0.00140731	0.03448100	0.99940436	
0.99919976	0.03999802	0.00000000	-0.03997767	0.99869150	-0.03189154	-0.00127560	0.03186602	0.99949134	
0.99920547	0.03985501	0.00000000	-0.03983724	0.99876017	-0.02985172	-0.00118974	0.02982800	0.99955434	
0.99926053	0.03844998	0.00000000	-0.03843440	0.99885559	-0.02846604	-0.00109452	0.02844499	0.99959476	
0.99922848	0.03927401	0.00000000	-0.03926084	0.99889333	-0.02589799	-0.00101712	0.02587801	0.99966459	
0.99919129	0.04020898	0.00000000	-0.04019868	0.99893547	-0.02262729	-0.00090982	0.02260899	0.99974397	
0.99913155	0.04166701	0.00000000	-0.04166057	0.99897716	-0.01757927	-0.00073248	0.01756400	0.99984547	
0.99908293	0.04281699	0.00000000	-0.04281017	0.99892378	-0.01784836	-0.00076421	0.01783200	0.99984071	
0.99897424	0.04528198	0.00000000	-0.04527429	0.99880459	-0.01842890	-0.00083450	0.01840999	0.99983017	
0.99897574	0.04524899	0.00000000	-0.04524391	0.99886372	-0.01497533	-0.00067762	0.01496000	0.99988786	
0.99905508	0.04346200	0.00000000	-0.04345483	0.99889009	-0.01817317	-0.00078984	0.01815600	0.99983485	
0.99907154	0.04308202	0.00000000	-0.04307265	0.99885441	-0.02084736	-0.00089815	0.02082801	0.99978267	
0.99903466	0.04392901	0.00000000	-0.04390639	0.99852020	-0.03208798	-0.00140959	0.03205701	0.99948505	
0.99916933	0.04075102	0.00000000	-0.04072595	0.99855452	-0.03507515	-0.00142935	0.03504602	0.99938468	
0.99934735	0.03612299	0.00000000	-0.03609860	0.99867269	-0.03673897	-0.00132712	0.03671499	0.99932490	
0.99953778	0.03040099	0.00000000	-0.03038034	0.99885868	-0.03685602	-0.00112046	0.03683899	0.99932059	
0.99955886	0.02970000	0.00000000	-0.02968357	0.99900595	-0.03325667	-0.00098772	0.03324200	0.99944684	
0.99946236	0.03278701	0.00000000	-0.03276936	0.99892437	-0.03280665	-0.00107563	0.03278901	0.99946172	
0.99944323	0.03336500	0.00000000	-0.03334623	0.99888103	-0.03353667	-0.00111895	0.03351800	0.99943749	
0.99944380	0.03334801	0.00000000	-0.03333167	0.99895416	-0.03129841	-0.00104374	0.03128100	0.99951008	
0.99941826	0.03410499	0.00000000	-0.03408764	0.99890970	-0.03189755	-0.00108787	0.03187899	0.99949114	
0.99940300	0.03454901	0.00000000	-0.03452883	0.99881920	-0.03417541	-0.00118073	0.03415501	0.99941585	
0.99946279	0.03277400	0.00000000	-0.03275196	0.99879088	-0.03666169	-0.00120155	0.03664200	0.99932773	
0.99946929	0.03257501	0.00000000	-0.03254584	0.99857428	-0.04231047	-0.00137826	0.04228801	0.99910451	
0.99943378	0.03364698	0.00000000	-0.03361745	0.99855648	-0.04189070	-0.00140950	0.04186698	0.99912220	
0.99928320	0.03785600	0.00000000	-0.03782875	0.99856400	-0.03793319	-0.00143600	0.03790600	0.99928028	
0.99909851	0.04245201	0.00000000	-0.04241919	0.99832617	-0.03931245	-0.00166889	0.03927701	0.99922697	
0.99901303	0.04441798	0.00000000	-0.04437848	0.99812455	-0.04216560	-0.00187291	0.04212398	0.99911064	
0.99897574	0.04524900	0.00000000	-0.04521078	0.99813193	-0.04109309	-0.00185942	0.04105100	0.99915532	
0.99888692	0.04716900	0.00000000	-0.04713189	0.99810099	-0.03966115	-0.00187078	0.03961700	0.99921319	
0.99895063	0.04580000	0.00000000	-0.04576164	0.99811398	-0.04091894	-0.00187409	0.04087600	0.99916247	
0.99902531	0.04414101	0.00000000	-0.04410531	0.99821722	-0.04021320	-0.00177505	0.04017401	0.99919112	
0.99905060	0.04356498	0.00000000	-0.04352739	0.99818853	-0.04153341	-0.00180940	0.04149398	0.99913712	
0.99926191	0.03841401	0.00000000	-0.03838149	0.99841616	-0.04113437	-0.00158014	0.04110401	0.99915362	
0.99937361	0.03538899	0.00000000	-0.03535893	0.99852466	-0.04120980	-0.00145837	0.04118399	0.99915052	
0.99947560	0.03238098	0.00000000	-0.03235364	0.99863151	-0.04108953	-0.00133052	0.04106798	0.99915547	
0.99956714	0.02942001	0.00000000	-0.02939096	0.99858032	-0.04442424	-0.00130696	0.04440501	0.99901276	
0.99965604	0.02622600	0.00000000	-0.02619684	0.99854485	-0.04713721	-0.00123622	0.04712099	0.99888842	
0.99971517	0.02386600	0.00000000	-0.02384071	0.99865594	-0.04602111	-0.00109834	0.04600800	0.99894047	
0.99972635	0.02339299	0.00000000	-0.02336756	0.99863959	-0.04661474	-0.00109046	0.04660198	0.99891294	
0.99968833	0.02496500	0.00000000	-0.02493524	0.99849682	-0.04880920	-0.00121852	0.04879399	0.99880812	
0.99955170	0.02994000	0.00000000	-0.02990434	0.99836110	-0.04879388	-0.00146089	0.04877200	0.99880887	
0.99946502	0.03270601	0.00000000	-0.03266031	0.99806837	-0.05284729	-0.00172842	0.05281902	0.99860261	
0.99940625	0.03445500	0.00000000	-0.03439428	0.99764499	-0.05934223	-0.00204464	0.05930700	0.99823770	
0.99935186	0.03599798	0.00000000	-0.03594124	0.99777650	-0.05612735	-0.00202047	0.05609097	0.99842362	
0.99921498	0.03961600	0.00000000	-0.03955649	0.99771406	-0.05479001	-0.00217056	0.05474700	0.99849790	
0.99911146	0.04214600	0.00000000	-0.04208026	0.99755299	-0.05583261	-0.00235312	0.05578300	0.99844014	
0.99898446	0.04505599	0.00000000	-0.04498564	0.99742473	-0.05585871	-0.00251677	0.05580199	0.99843868	
0.99890109	0.04686798	0.00000000	-0.04679227	0.99728757	-0.05681541	-0.00266282	0.05675298	0.99838470	
0.99883292	0.04829902	0.00000000	-0.04822027	0.99720440	-0.05708064	-0.00275694	0.05701402	0.99836957	
0.99868550	0.05125701	0.00000000	-0.05117086	0.99700712	-0.05795118	-0.00297040	0.05787501	0.99831942	
0.99854904	0.05385002	0.00000000	-0.05375307	0.99675134	-0.05997805	-0.00322982	0.05989102	0.99819970	
0.99847338	0.05523501	0.00000000	-0.05513664	0.99669521	-0.05965408	-0.00329499	0.05956301	0.99821911	
0.99840967	0.05637499	0.00000000	-0.05629052	0.99691379	-0.05472001	-0.00308484	0.05463299	0.99850174	
0.99834648	0.05748302	0.00000000	-0.05741427	0.99715239	-0.04889487	-0.00281062	0.04881402	0.99880393	
0.99823236	0.05943198	0.00000000	-0.05936132	0.99704561	-0.04874715	-0.00289714	0.04866098	0.99881115	
0.99818712	0.06018702	0.00000000	-0.06010015	0.99674634	-0.05370939	-0.00323261	0.05361202	0.99855661	
0.99826902	0.05881297	0.00000000	-0.05872558	0.99678556	-0.05449631	-0.00320509	0.05440198	0.99851397	
0.99842178	0.05616001	0.00000000	-0.05608247	0.99704321	-0.05253192	-0.00295019	0.05244901	0.99861925	
0.99833044	0.05776100	0.00000000	-0.05769113	0.99712293	-0.04916909	-0.00284006	0.04908700	0.99879047	
0.99828858	0.05848002	0.00000000	-0.05840826	0.99706343	-0.04952778	-0.00289639	0.04944302	0.99877275	
0.99822872	0.05949299	0.00000000	-0.05942601	0.99710485	-0.04743902	-0.00282229	0.04735499	0.99887414	
0.99811730	0.06133401	0.00000000	-0.06127003	0.99707612	-0.04566398	-0.00280075	0.04557801	0.99895686	
0.99812865	0.06114897	0.00000000	-0.06108066	0.99701353	-0.04725641	-0.00288968	0.04716798	0.99888279	
0.99826849	0.05882199	0.00000000	-0.05876208	0.99725182	-0.04512012	-0.00265406	0.04504199	0.99898157	
0.99846130	0.05545299	0.00000000	-0.05540021	0.99751091	-0.04362112	-0.00241892	0.04355400	0.99904815	
0.99866209	0.05171101	0.00000000	-0.05166772	0.99782610	-0.04090874	-0.00211543	0.04085400	0.99916289	
0.99881048	0.04876099	0.00000000	-0.04873869	0.99835375	-0.03023796	-0.00147443	0.03020199	0.99954273	
0.99885721	0.04779402	0.00000000	-0.04777738	0.99850944	-0.02638617	-0.00126110	0.02635601	0.99965182	
0.99888664	0.04717501	0.00000000	-0.04715922	0.99855228	-0.02587181	-0.00122050	0.02584301	0.99966527	
0.99903883	0.04383399	0.00000000	-0.04382386	0.99880788	-0.02150066	-0.00094246	0.02148000	0.99976883	
0.99918407	0.04038800	0.00000000	-0.04038436	0.99909397	-0.01342896	-0.00054237	0.01341800	0.99990983	
0.99919004	0.04023999	0.00000000	-0.04023808	0.99914267	-0.00973788	-0.00039185	0.00973000	0.99995259	
0.99915405	0.04112401	0.00000000	-0.04112348	0.99914124	-0.00506429	-0.00020826	0.00506000	0.99998718	
0.99902000	0.04426100	0.00000000	-0.04426100	0.99901996	0.00028728	0.00001272	-0.00028700	0.99999996	
0.99889776	0.04693902	0.00000000	-0.04693896	0.99889643	0.00162779	0.00007641	-0.00162600	0.99999868	
0.99878402	0.04930000	0.00000000	-0.04929995	0.99878305	-0.00138969	-0.00006851	0.00138800	0.99999903	
0.99897533	0.04525799	0.00000000	-0.04525792	0.99897377	-0.00176681	-0.00007996	0.00176500	0.99999844	
0.99913097	0.04168100	0.00000000	-0.04168096	0.99913003	0.00137019	0.00005711	-0.00136900	0.99999906	
0.99930564	0.03725902	0.00000000	-0.03725875	0.99929841	0.00380364	0.00014172	-0.00380100	0.99999277	
0.99953400	0.03052501	0.00000000	-0.03052453	0.99951835	0.00559661	0.00017084	-0.00559400	0.99998434	
0.99975202	0.02226900	0.00000000	-0.02226808	0.99971095	0.00906325	0.00020183	-0.00906100	0.99995893	
0.99983497	0.01816700	0.00000000	-0.01816533	0.99974306	0.01355824	0.00024631	-0.01355600	0.99990808	
0.99986208	0.01660800	0.00000000	-0.01660628	0.99975884	0.01436998	0.00023866	-0.01436800	0.99989675	
0.99989306	0.01462400	0.00000000	-0.01462199	0.99975569	0.01657577	0.00024240	-0.01657399	0.99986261	
0.99990209	0.01399301	0.00000000	-0.01398971	0.99966649	0.02170714	0.00030375	-0.02170501	0.99976437	
0.99978482	0.02074400	0.00000000	-0.02074010	0.99959703	0.01938117	0.00040204	-0.01937700	0.99981217	
0.99979039	0.02047401	0.00000000	-0.02046923	0.99955729	0.02159253	0.00044209	-0.02158801	0.99976685	
0.99969313	0.02477200	0.00000000	-0.02476280	0.99932183	0.02725236	0.00067510	-0.02724400	0.99962859	
0.99962529	0.02737299	0.00000000	-0.02735427	0.99894163	0.03697784	0.00101219	-0.03696399	0.99931609	
0.99962949	0.02721899	0.00000000	-0.02719288	0.99867069	0.04378821	0.00119187	-0.04377199	0.99904084	
0.99968003	0.02529501	0.00000000	-0.02527210	0.99877455	0.04255264	0.00107637	-0.04253902	0.99909423	
0.99979367	0.02031299	0.00000000	-0.02029548	0.99893158	0.04151855	0.00084337	-0.04150998	0.99913773	
0.99984384	0.01767200	0.00000000	-0.01765663	0.99897476	0.04168550	0.00073667	-0.04167899	0.99913078	
0.99993829	0.01110900	0.00000000	-0.01110067	0.99918889	0.03870838	0.00043001	-0.03870600	0.99925055	
0.99998021	0.00629200	0.00000000	-0.00628669	0.99913687	0.04106081	0.00025835	-0.04105999	0.99915665	
0.99999996	-0.00029400	0.00000000	0.00029362	0.99871074	0.05076199	-0.00001492	-0.05076199	0.99871078	
0.99999349	-0.00360800	0.00000000	0.00359980	0.99772045	0.06738647	-0.00024313	-0.06738603	0.99772695	
0.99999807	-0.00196600	0.00000000	0.00196076	0.99733557	0.07292411	-0.00014337	-0.07292397	0.99733749	
0.99999446	-0.00332800	0.00000000	0.00331855	0.99715651	0.07528538	-0.00025055	-0.07528496	0.99716203	
0.99996591	-0.00825700	0.00000000	0.00822933	0.99661571	0.08178876	-0.00067533	-0.08178598	0.99664969	
0.99999067	-0.00431900	0.00000000	0.00430433	0.99659419	0.08234978	-0.00035567	-0.08234902	0.99660349	
0.99999728	-0.00233200	0.00000000	0.00232402	0.99657624	0.08264624	-0.00019273	-0.08264602	0.99657895	
0.99999666	-0.00258400	0.00000000	0.00257348	0.99592693	0.09012729	-0.00023289	-0.09012699	0.99593025	
0.99999901	-0.00140700	0.00000000	0.00140091	0.99566857	0.09296305	-0.00013080	-0.09296296	0.99566956	
0.99999980	-0.00063400	0.00000000	0.00063122	0.99562208	0.09346803	-0.00005926	-0.09346801	0.99562228	
0.99999994	0.00034400	0.00000000	-0.00034258	0.99587173	0.09077098	0.00003123	-0.09077098	0.99587179	
0.99999984	-0.00056900	0.00000000	0.00056678	0.99610679	0.08815300	-0.00005016	-0.08815298	0.99610695	
0.99999722	-0.00236000	0.00000000	0.00235061	0.99601962	0.08910321	-0.00021028	-0.08910297	0.99602240	
0.99999951	-0.00099100	0.00000000	0.00098737	0.99634094	0.08546204	-0.00008469	-0.08546199	0.99634143	
0.99999885	-0.00151800	0.00000000	0.00151298	0.99669039	0.08127713	-0.00012338	-0.08127703	0.99669154	
0.99999273	-0.00381300	0.00000000	0.00380017	0.99662725	0.08197362	-0.00031257	-0.08197302	0.99663450	
0.99998651	-0.00519400	0.00000000	0.00517636	0.99659159	0.08233108	-0.00042763	-0.08232997	0.99660503	
0.99998167	-0.00605500	0.00000000	0.00603622	0.99688019	0.07869846	-0.00047652	-0.07869702	0.99689847	
0.99998069	-0.00621400	0.00000000	0.00619721	0.99727821	0.07346943	-0.00045654	-0.07346802	0.99729747	
0.99999317	-0.00369700	0.00000000	0.00368693	0.99727006	0.07374851	-0.00027265	-0.07374800	0.99727687	
0.99999843	-0.00177200	0.00000000	0.00176745	0.99743250	0.07159108	-0.00012686	-0.07159096	0.99743407	
0.99999986	-0.00052000	0.00000000	0.00051882	0.99772144	0.06746604	-0.00003508	-0.06746603	0.99772157	
0.99999950	-0.00100100	0.00000000	0.00099885	0.99784964	0.06553701	-0.00006560	-0.06553698	0.99785014	
0.99999906	0.00137300	0.00000000	-0.00136989	0.99773629	0.06723408	0.00009231	-0.06723402	0.99773723	
0.99999384	0.00351000	0.00000000	-0.00350238	0.99782310	0.06585441	0.00023115	-0.06585401	0.99782924	
0.99996961	0.00779600	0.00000000	-0.00777954	0.99785748	0.06496101	0.00050644	-0.06495903	0.99788780	
0.99994964	0.01003600	0.00000000	-0.01001931	0.99828699	0.05764290	0.00057850	-0.05764000	0.99833727	
0.99996430	0.00845000	0.00000000	-0.00843869	0.99862577	0.05172383	0.00043707	-0.05172199	0.99866143	
0.99998507	0.00546500	0.00000000	-0.00545846	0.99878912	0.04889274	0.00026720	-0.04889201	0.99880404	
0.99999374	0.00353800	0.00000000	-0.00353409	0.99888891	0.04699429	0.00016627	-0.04699400	0.99889516	
0.99999757	0.00220500	0.00000000	-0.00220242	0.99882691	0.04837311	0.00010666	-0.04837300	0.99882934	
0.99998386	0.00568100	0.00000000	-0.00567429	0.99880285	0.04858678	0.00027602	-0.04858599	0.99881897	
0.99998801	0.00489700	0.00000000	-0.00489262	0.99909240	0.04231352	0.00020721	-0.04231302	0.99910438	
0.99999470	0.00325700	0.00000000	-0.00325482	0.99932663	0.03654718	0.00011903	-0.03654699	0.99933193	
0.99999984	0.00055700	0.00000000	-0.00055673	0.99951653	0.03108702	0.00001732	-0.03108702	0.99951668	
0.99999875	-0.00158100	0.00000000	0.00158013	0.99944950	0.03313906	-0.00005239	-0.03313902	0.99945075	
0.99999902	-0.00140300	0.00000000	0.00140198	0.99927112	0.03814804	-0.00005352	-0.03814800	0.99927210	
0.99999957	0.00092800	0.00000000	-0.00092759	0.99955828	0.02970502	0.00002757	-0.02970501	0.99955871	
0.99999983	0.00057800	0.00000000	-0.00057783	0.99970230	0.02439201	0.00001410	-0.02439201	0.99970247	
0.99999986	0.00052200	0.00000000	-0.00052187	0.99974495	0.02257800	0.00001179	-0.02257800	0.99974508	
0.99996696	0.00812900	0.00000000	-0.00812800	0.99984342	0.01571853	0.00012778	-0.01571801	0.99987646	
0.99995469	0.00951900	0.00000000	-0.00951880	0.99993379	0.00646529	0.00006154	-0.00646500	0.99997910	
0.99998361	0.00572600	0.00000000	-0.00572600	0.99998300	0.00110302	0.00000632	-0.00110300	0.99999939	
0.99998754	0.00499100	0.00000000	-0.00499100	0.99998691	0.00113101	0.00000564	-0.00113100	0.99999936	
0.99999174	0.00406400	0.00000000	-0.00406399	0.99998856	-0.00252202	-0.00001025	0.00252200	0.99999682	
0.99999697	-0.00246000	0.00000000	0.00245990	0.99995671	-0.00897402	0.00002208	0.00897400	0.99995973	
0.99998655	-0.00518700	0.00000000	0.00518680	0.99994888	-0.00867912	0.00004502	0.00867900	0.99996234	
0.99999621	-0.00275400	0.00000000	0.00275390	0.99996034	-0.00847003	0.00002333	0.00847000	0.99996413	
0.99999978	-0.00066200	0.00000000	0.00066194	0.99990796	-0.01355100	0.00000897	0.01355100	0.99990818	
0.99999998	0.00021800	0.00000000	-0.00021797	0.99987708	-0.01567700	-0.00000342	0.01567700	0.99987711	
0.99999995	0.00033000	0.00000000	-0.00032995	0.99985792	-0.01685300	-0.00000556	0.01685300	0.99985798	
0.99999075	0.00430100	0.00000000	-0.00430047	0.99986765	-0.01569014	-0.00006748	0.01568999	0.99987690	
0.99996265	0.00864300	0.00000000	-0.00864162	0.99980237	-0.01790368	-0.00015474	0.01790301	0.99983972	
0.99993337	0.01154400	0.00000000	-0.01154208	0.99976688	-0.01824721	-0.00021065	0.01824600	0.99983351	
0.99988322	0.01528199	0.00000000	-0.01527934	0.99970948	-0.01864117	-0.00028487	0.01863899	0.99982624	
0.99984763	0.01745600	0.00000000	-0.01745125	0.99957520	-0.02334256	-0.00040747	0.02333900	0.99972753	
0.99988393	0.01523601	0.00000000	-0.01523116	0.99956551	-0.02523494	-0.00038448	0.02523201	0.99968155	
0.99992354	0.01236600	0.00000000	-0.01236188	0.99959030	-0.02581498	-0.00031923	0.02581301	0.99966674	
0.99993103	0.01174500	0.00000000	-0.01173916	0.99943323	-0.03155018	-0.00037056	0.03154801	0.99950217	
0.99996650	0.00818500	0.00000000	-0.00817836	0.99915583	-0.04025834	-0.00032951	0.04025699	0.99918930	
0.99998959	0.00456200	0.00000000	-0.00455856	0.99923561	-0.03882539	-0.00017712	0.03882498	0.99924601	
0.99999131	0.00416800	0.00000000	-0.00416530	0.99934414	-0.03597132	-0.00014993	0.03597101	0.99935282	
0.99998026	0.00628300	0.00000000	-0.00627879	0.99930999	-0.03660772	-0.00023001	0.03660700	0.99932971	
0.99996873	0.00790800	0.00000000	-0.00790133	0.99912494	-0.04107228	-0.00032480	0.04107100	0.99915618	
0.99994673	0.01032200	0.00000000	-0.01031308	0.99908244	-0.04156823	-0.00042907	0.04156602	0.99913567	
0.99989327	0.01461000	0.00000000	-0.01459679	0.99898921	-0.04251455	-0.00062114	0.04251001	0.99909585	
0.99986716	0.01629900	0.00000000	-0.01627809	0.99858478	-0.05063071	-0.00082523	0.05062399	0.99871744	
0.99986955	0.01615200	0.00000000	-0.01612963	0.99848424	-0.05262188	-0.00084995	0.05261501	0.99861451	
0.99986767	0.01626800	0.00000000	-0.01624838	0.99866177	-0.04909849	-0.00079873	0.04909199	0.99879394	
0.99981796	0.01908000	0.00000000	-0.01906027	0.99878416	-0.04546328	-0.00086744	0.04545501	0.99896601	
0.99980307	0.01984500	0.00000000	-0.01981881	0.99848389	-0.05135311	-0.00101910	0.05134299	0.99868056	
0.99986998	0.01612499	0.00000000	-0.01609968	0.99830061	-0.05600626	-0.00090310	0.05599898	0.99843042	
0.99993382	0.01150500	0.00000000	-0.01148479	0.99817759	-0.05924190	-0.00068158	0.05923798	0.99824366	
0.99997314	0.00732900	0.00000000	-0.00731631	0.99824247	-0.05880855	-0.00043101	0.05880697	0.99826928	
0.99999604	0.00281500	0.00000000	-0.00281112	0.99861727	-0.05249422	-0.00014777	0.05249401	0.99862123	
0.99999976	-0.00069500	0.00000000	0.00069428	0.99896036	-0.04558203	0.00003168	0.04558202	0.99896060	
0.99999963	0.00085700	0.00000000	-0.00085631	0.99920051	-0.03997000	-0.00003425	0.03996998	0.99920088	
0.99998741	0.00501800	0.00000000	-0.00501477	0.99934311	-0.03589146	-0.00018010	0.03589100	0.99935569	
0.99996694	0.00813100	0.00000000	-0.00812563	0.99930655	-0.03633718	-0.00029546	0.03633598	0.99933959	
0.99997480	0.00709900	0.00000000	-0.00709543	0.99947196	-0.03170880	-0.00022510	0.03170800	0.99949715	
0.99997457	0.00713100	0.00000000	-0.00712842	0.99961315	-0.02688369	-0.00019171	0.02688300	0.99963857	
0.99998939	0.00460600	0.00000000	-0.00460452	0.99966734	-0.02537728	-0.00011689	0.02537701	0.99967795	
0.99999566	0.00294700	0.00000000	-0.00294613	0.99969969	-0.02432810	-0.00007169	0.02432799	0.99970403	
0.99999999	-0.00011500	0.00000000	0.00011496	0.99966854	-0.02574499	0.00000296	0.02574499	0.99966854	
0.99997596	-0.00693400	0.00000000	0.00693053	0.99947569	-0.03162775	0.00021931	0.03162699	0.99949972	
0.99991347	-0.01315499	0.00000000	0.01314718	0.99931953	-0.03446197	0.00045335	0.03445898	0.99940601	
0.99984843	-0.01740999	0.00000000	0.01739751	0.99913164	-0.03785872	0.00065912	0.03785299	0.99928310	
0.99973323	-0.02309699	0.00000000	0.02308335	0.99914263	-0.03436816	0.00079380	0.03435899	0.99940924	
0.99968011	-0.02529201	0.00000000	0.02528397	0.99936228	-0.02521407	0.00063771	0.02520601	0.99968207	
0.99974893	-0.02240699	0.00000000	0.02240257	0.99955169	-0.01986298	0.00044507	0.01985799	0.99980271	
0.99978289	-0.02083700	0.00000000	0.02083395	0.99963683	-0.01709271	0.00035616	0.01708900	0.99985391	
0.99978459	-0.02075501	0.00000000	0.02075384	0.99972845	-0.01059729	0.00021995	0.01059500	0.99994385	
0.99977153	-0.02137500	0.00000000	0.02137484	0.99976392	-0.00390089	0.00008338	0.00390000	0.99999239	
0.99976702	-0.02158499	0.00000000	0.02158499	0.99976669	0.00080619	-0.00001740	-0.00080600	0.99999968	
0.99980229	-0.01988401	0.00000000	0.01988381	0.99979237	0.00445488	-0.00008858	-0.00445400	0.99999008	
0.99979176	-0.02040700	0.00000000	0.02040617	0.99975101	0.00902788	-0.00018423	-0.00902600	0.99995925	
0.99978588	-0.02069300	0.00000000	0.02069052	0.99966606	0.01548132	-0.00032035	-0.01547800	0.99988016	
0.99980394	-0.01980099	0.00000000	0.01979884	0.99969556	0.01472388	-0.00029155	-0.01472099	0.99989160	
0.99964272	-0.02672900	0.00000000	0.02672765	0.99959205	0.01006760	-0.00026910	-0.01006400	0.99994932	
0.99953098	-0.03062400	0.00000000	0.03062057	0.99941906	0.01496402	-0.00045826	-0.01495700	0.99988803	
0.99952843	-0.03070700	0.00000000	0.03070142	0.99934688	0.01905899	-0.00058524	-0.01905000	0.99981836	
0.99956934	-0.02934501	0.00000000	0.02933905	0.99936628	0.02015569	-0.00059147	-0.02014701	0.99979685	
0.99953818	-0.03038798	0.00000000	0.03038140	0.99932151	0.02082061	-0.00063270	-0.02081099	0.99978323	
0.99950775	-0.03137300	0.00000000	0.03136489	0.99924912	0.02274720	-0.00071365	-0.02273600	0.99974125	
0.99963392	-0.02705599	0.00000000	0.02704605	0.99926668	0.02710391	-0.00073332	-0.02709399	0.99963262	
0.99971428	-0.02390299	0.00000000	0.02389433	0.99935174	0.02692869	-0.00064368	-0.02692099	0.99963736	
0.99977691	-0.02112201	0.00000000	0.02111377	0.99938726	0.02791624	-0.00058965	-0.02791001	0.99961027	
0.99985454	-0.01705600	0.00000000	0.01704885	0.99943513	0.02896122	-0.00049396	-0.02895700	0.99958054	
0.99992685	-0.01209500	0.00000000	0.01209047	0.99955272	0.02735299	-0.00033083	-0.02735099	0.99962584	
0.99995035	-0.00996500	0.00000000	0.00996220	0.99966921	0.02371118	-0.00023628	-0.02371001	0.99971885	
0.99995131	-0.00986800	0.00000000	0.00986534	0.99968182	0.02321513	-0.00022909	-0.02321400	0.99973049	
0.99995113	-0.00988600	0.00000000	0.00988426	0.99977572	0.01872991	-0.00018516	-0.01872899	0.99982458	
0.99995355	-0.00963801	0.00000000	0.00963676	0.99982456	0.01606176	-0.00015480	-0.01606101	0.99987100	
0.99997520	-0.00704200	0.00000000	0.00704115	0.99985491	0.01551038	-0.00010922	-0.01551000	0.99987971	
0.99998716	-0.00506800	0.00000000	0.00506750	0.99988838	0.01405519	-0.00007123	-0.01405501	0.99990122	
0.99998514	-0.00545200	0.00000000	0.00545135	0.99986609	0.01543023	-0.00008413	-0.01543000	0.99988095	
0.99999377	-0.00352900	0.00000000	0.00352844	0.99983667	0.01772510	-0.00006255	-0.01772499	0.99984290	
0.99999990	-0.00043600	0.00000000	0.00043593	0.99983074	0.01839300	-0.00000802	-0.01839300	0.99983083	
0.99999808	0.00196000	0.00000000	-0.00195958	0.99978302	0.02073804	0.00004065	-0.02073800	0.99978494	
0.99997421	0.00718200	0.00000000	-0.00717995	0.99968887	0.02388761	0.00017156	-0.02388700	0.99971465	
0.99994699	0.01029600	0.00000000	-0.01029343	0.99969699	0.02236018	0.00023022	-0.02235900	0.99974998	
0.99993313	0.01156400	0.00000000	-0.01156117	0.99968857	0.02211547	0.00025574	-0.02211399	0.99975542	
0.99990971	0.01343801	0.00000000	-0.01343347	0.99957240	0.02597236	0.00034902	-0.02597001	0.99966266	
0.99989764	0.01430800	0.00000000	-0.01430454	0.99965596	0.02198525	0.00031456	-0.02198300	0.99975830	
0.99992932	0.01188900	0.00000000	-0.01188748	0.99980180	0.01597013	0.00018987	-0.01596900	0.99987247	
0.99995876	0.00908200	0.00000000	-0.00908128	0.99987970	0.01257451	0.00011420	-0.01257400	0.99992094	
0.99996548	0.00830900	0.00000000	-0.00830852	0.99990775	0.01074537	0.00008928	-0.01074500	0.99994227	
0.99996499	0.00836800	0.00000000	-0.00836781	0.99994187	0.00680024	0.00005690	-0.00680000	0.99997688	
0.99999550	0.00299900	0.00000000	-0.00299898	0.99999074	0.00308701	0.00000926	-0.00308700	0.99999524	
0.99999970	-0.00077300	0.00000000	0.00077299	0.99998286	0.00580300	-0.00000449	-0.00580300	0.99998316	
0.99999795	-0.00202600	0.00000000	0.00202596	0.99997907	0.00614401	-0.00001245	-0.00614400	0.99998113	
0.99998653	-0.00519000	0.00000000	0.00519000	0.99998650	-0.00026100	0.00000135	0.00026100	0.99999997	
0.99994584	-0.01040799	0.00000000	0.01040790	0.99993648	0.00432623	-0.00004503	-0.00432600	0.99999064	
0.99995618	-0.00936200	0.00000000	0.00936118	0.99986845	0.01324559	-0.00012401	-0.01324501	0.99991227	
0.99998137	-0.00610400	0.00000000	0.00610360	0.99991660	0.01138121	-0.00006947	-0.01138100	0.99993523	
0.99998690	-0.00511900	0.00000000	0.00511872	0.99993223	0.01045614	-0.00005352	-0.01045600	0.99994533	
0.99997985	-0.00634800	0.00000000	0.00634785	0.99995601	0.00690514	-0.00004383	-0.00690500	0.99997616	
0.99997075	-0.00764900	0.00000000	0.00764898	0.99996803	0.00232907	-0.00001782	-0.00232900	0.99999729	
0.99995397	-0.00959500	0.00000000	0.00959499	0.99995361	0.00084004	-0.00000806	-0.00084000	0.99999965	
0.99989286	-0.01463800	0.00000000	0.01463800	0.99989277	-0.00041004	0.00000600	0.00041000	0.99999992	
0.99986121	-0.01666001	0.00000000	0.01665991	0.99985535	0.00342348	-0.00005704	-0.00342300	0.99999414	
0.99984989	-0.01732600	0.00000000	0.01732572	0.99983397	0.00564385	-0.00009779	-0.00564300	0.99998407	
0.99983836	-0.01797899	0.00000000	0.01797819	0.99979363	0.00945953	-0.00017007	-0.00945800	0.99995526	
0.99984993	-0.01732401	0.00000000	0.01732226	0.99974930	0.01418713	-0.00024578	-0.01418500	0.99989936	
0.99983622	-0.01809800	0.00000000	0.01809560	0.99970375	0.01627766	-0.00029459	-0.01627500	0.99986751	
0.99985414	-0.01707900	0.00000000	0.01707175	0.99942925	0.02915026	-0.00049786	-0.02914601	0.99957504	
0.99989784	-0.01429400	0.00000000	0.01428598	0.99933696	0.03348942	-0.00047870	-0.03348600	0.99943907	
0.99990440	-0.01382701	0.00000000	0.01381957	0.99936645	0.03279815	-0.00045350	-0.03279501	0.99946200	
0.99988166	-0.01538399	0.00000000	0.01537516	0.99930767	0.03387900	-0.00052119	-0.03387499	0.99942594	
0.99988273	-0.01531400	0.00000000	0.01530621	0.99937399	0.03189574	-0.00048845	-0.03189200	0.99949120	
0.99987767	-0.01564100	0.00000000	0.01563312	0.99937396	0.03173788	-0.00049641	-0.03173400	0.99949623	
0.99979341	-0.02032600	0.00000000	0.02031574	0.99928895	0.03176256	-0.00064561	-0.03175600	0.99949544	
0.99966630	-0.02583200	0.00000000	0.02581863	0.99914896	0.03216773	-0.00083096	-0.03215700	0.99948248	
0.99950947	-0.03131801	0.00000000	0.03130170	0.99898918	0.03226183	-0.00101038	-0.03224601	0.99947945	
0.99933883	-0.03635799	0.00000000	0.03633438	0.99868983	0.03603382	-0.00131012	-0.03600999	0.99935057	
0.99929366	-0.03757899	0.00000000	0.03754974	0.99851584	0.03944786	-0.00148241	-0.03941999	0.99922163	
0.99933836	-0.03637101	0.00000000	0.03633970	0.99847820	0.04148145	-0.00150872	-0.04145401	0.99913927	
0.99940560	-0.03447400	0.00000000	0.03444583	0.99858894	0.04041802	-0.00139337	-0.04039400	0.99918286	
0.99937372	-0.03538600	0.00000000	0.03535790	0.99858005	0.03984596	-0.00140999	-0.03982100	0.99920583	
0.99940183	-0.03458299	0.00000000	0.03454932	0.99842872	0.04411838	-0.00152575	-0.04409199	0.99902631	
0.99944952	-0.03317601	0.00000000	0.03314331	0.99846437	0.04438945	-0.00147266	-0.04436502	0.99901430	
0.99952523	-0.03081101	0.00000000	0.03078028	0.99852825	0.04465321	-0.00137581	-0.04463201	0.99900255	
0.99958942	-0.02865299	0.00000000	0.02862706	0.99868466	0.04253745	-0.00121883	-0.04251999	0.99909487	
0.99950378	-0.03149900	0.00000000	0.03147675	0.99879785	0.03757764	-0.00118366	-0.03755899	0.99929371	
0.99945324	-0.03306401	0.00000000	0.03303943	0.99871031	0.03855009	-0.00127462	-0.03852901	0.99925667	
0.99942818	-0.03381299	0.00000000	0.03378842	0.99870181	0.03811879	-0.00128891	-0.03809699	0.99927321	
0.99932860	-0.03663799	0.00000000	0.03661240	0.99863060	0.03736907	-0.00136913	-0.03734399	0.99930153	
0.99927591	-0.03804799	0.00000000	0.03801943	0.99852578	0.03874004	-0.00147398	-0.03871199	0.99924932	
0.99929268	-0.03760499	0.00000000	0.03757777	0.99856961	0.03803489	-0.00143030	-0.03800799	0.99927641	
0.99936266	-0.03569700	0.00000000	0.03567304	0.99869201	0.03662935	-0.00130756	-0.03660600	0.99932892	
0.99940666	-0.03444302	0.00000000	0.03442034	0.99874859	0.03628355	-0.00124972	-0.03626202	0.99934154	
0.99942828	-0.03380999	0.00000000	0.03378635	0.99872964	0.03738436	-0.00126396	-0.03736299	0.99930096	
0.99952886	-0.03069300	0.00000000	0.03066656	0.99866791	0.04149655	-0.00127365	-0.04147700	0.99913865	
0.99959877	-0.02832500	0.00000000	0.02830115	0.99875696	0.04103146	-0.00116222	-0.04101500	0.99915785	
0.99961932	-0.02759000	0.00000000	0.02756824	0.99883099	0.03970711	-0.00109552	-0.03969200	0.99921136	
0.99961717	-0.02766799	0.00000000	0.02764559	0.99880771	0.04023539	-0.00111323	-0.04021999	0.99919023	
0.99961614	-0.02770500	0.00000000	0.02768463	0.99888115	0.03834072	-0.00106223	-0.03832601	0.99926472	
0.99956690	-0.02942799	0.00000000	0.02940888	0.99891769	0.03603560	-0.00106046	-0.03601999	0.99935051	
0.99950041	-0.03160599	0.00000000	0.03158586	0.99886368	0.03568882	-0.00112798	-0.03567099	0.99936295	
0.99943956	-0.03347499	0.00000000	0.03345162	0.99874182	0.03735993	-0.00125062	-0.03733899	0.99930187	
0.99933175	-0.03655200	0.00000000	0.03652261	0.99852805	0.04009780	-0.00146565	-0.04007100	0.99919576	
0.99925756	-0.03852700	0.00000000	0.03849421	0.99840702	0.04125063	-0.00158926	-0.04122000	0.99914883	
0.99927591	-0.03804799	0.00000000	0.03801832	0.99849666	0.03948458	-0.00150231	-0.03945599	0.99922018	
0.99925459	-0.03860400	0.00000000	0.03857627	0.99853688	0.03789424	-0.00146287	-0.03786600	0.99928176	
0.99923620	-0.03907698	0.00000000	0.03904747	0.99848157	0.03885666	-0.00151840	-0.03882698	0.99924479	
0.99932379	-0.03676901	0.00000000	0.03673812	0.99848430	0.04098072	-0.00150682	-0.04095301	0.99915994	
0.99944367	-0.03335199	0.00000000	0.03332126	0.99852270	0.04291986	-0.00143146	-0.04289599	0.99907852	
0.99953223	-0.03058299	0.00000000	0.03055416	0.99858978	0.04341530	-0.00132777	-0.04339499	0.99905711	
0.99955352	-0.02987900	0.00000000	0.02985385	0.99871209	0.04102332	-0.00122574	-0.04100500	0.99915819	
0.99945059	-0.03314401	0.00000000	0.03312208	0.99878927	0.03637199	-0.00120551	-0.03635201	0.99933832	
0.99934991	-0.03605202	0.00000000	0.03603342	0.99883443	0.03211489	-0.00115781	-0.03209401	0.99948418	
0.99925080	-0.03870200	0.00000000	0.03868159	0.99872392	0.03246932	-0.00125663	-0.03244500	0.99947273	
0.99923816	-0.03902700	0.00000000	0.03900543	0.99868597	0.03324032	-0.00129727	-0.03321500	0.99944739	
0.99926992	-0.03820500	0.00000000	0.03818200	0.99866812	0.03470034	-0.00132573	-0.03467500	0.99939776	
0.99932824	-0.03664799	0.00000000	0.03662494	0.99869969	0.03546181	-0.00129960	-0.03543799	0.99937103	
0.99936398	-0.03566001	0.00000000	0.03564071	0.99882317	0.03289393	-0.00117300	-0.03287301	0.99945885	
0.99938057	-0.03519199	0.00000000	0.03517077	0.99877783	0.03472550	-0.00122206	-0.03470399	0.99939689	
0.99943294	-0.03367202	0.00000000	0.03364633	0.99867046	0.03905416	-0.00131503	-0.03903202	0.99923710	
0.99953284	-0.03056299	0.00000000	0.03053648	0.99866578	0.04164345	-0.00127275	-0.04162399	0.99913254	
0.99949435	-0.03179701	0.00000000	0.03176958	0.99863229	0.04152401	-0.00132034	-0.04150301	0.99913751	
0.99946923	-0.03257700	0.00000000	0.03254973	0.99863285	0.04090170	-0.00133245	-0.04087999	0.99916318	
0.99948672	-0.03203600	0.00000000	0.03201483	0.99882604	0.03635366	-0.00116463	-0.03633500	0.99933899	
0.99943210	-0.03369699	0.00000000	0.03368184	0.99898279	0.02998202	-0.00101030	-0.02996499	0.99955044	
0.99925420	-0.03861401	0.00000000	0.03859860	0.99885539	0.02825008	-0.00109085	-0.02822901	0.99960089	
0.99927325	-0.03811799	0.00000000	0.03809657	0.99871176	0.03351835	-0.00127765	-0.03349399	0.99943810	
0.99931889	-0.03690201	0.00000000	0.03688346	0.99881639	0.03170861	-0.00117011	-0.03168701	0.99949716	
0.99927736	-0.03800999	0.00000000	0.03799422	0.99886274	0.02880381	-0.00109483	-0.02878299	0.99958508	
0.99933854	-0.03636599	0.00000000	0.03635522	0.99904267	0.02433209	-0.00088486	-0.02431599	0.99970393	
0.99939130	-0.03488600	0.00000000	0.03487952	0.99920589	0.01926172	-0.00067196	-0.01925000	0.99981448	
0.99939426	-0.03480099	0.00000000	0.03479543	0.99923468	0.01786982	-0.00062189	-0.01785899	0.99984032	
0.99929550	-0.03753001	0.00000000	0.03751897	0.99900139	0.02426010	-0.00091048	-0.02424301	0.99970568	
0.99926299	-0.03838600	0.00000000	0.03836807	0.99879610	0.03056553	-0.00117329	-0.03054300	0.99953277	
0.99924901	-0.03874801	0.00000000	0.03872859	0.99874822	0.03165578	-0.00122660	-0.03163201	0.99949883	
0.99910741	-0.04224202	0.00000000	0.04222097	0.99860955	0.03156519	-0.00133338	-0.03153702	0.99950170	
0.99920352	-0.03990399	0.00000000	0.03988076	0.99862175	0.03411917	-0.00136149	-0.03409199	0.99941777	
0.99928944	-0.03769100	0.00000000	0.03766835	0.99868894	0.03466263	-0.00130647	-0.03463800	0.99939907	
0.99931267	-0.03706999	0.00000000	0.03704870	0.99873873	0.03388728	-0.00125620	-0.03386399	0.99942566	
0.99927168	-0.03815901	0.00000000	0.03813260	0.99858021	0.03719510	-0.00141933	-0.03716801	0.99930802	
0.99915804	-0.04102699	0.00000000	0.04099848	0.99846369	0.03727437	-0.00152926	-0.03724299	0.99930507	
0.99906748	-0.04317600	0.00000000	0.04314068	0.99825006	0.04044372	-0.00174620	-0.04040600	0.99918182	
0.99910825	-0.04222199	0.00000000	0.04217663	0.99803483	0.04634232	-0.00195667	-0.04630099	0.99892562	
0.99933113	-0.03656902	0.00000000	0.03652786	0.99820641	0.04743074	-0.00173450	-0.04739902	0.99887453	
0.99945713	-0.03294599	0.00000000	0.03290394	0.99818156	0.05050640	-0.00166398	-0.05047898	0.99872374	
0.99949381	-0.03181399	0.00000000	0.03177257	0.99819257	0.05101080	-0.00162286	-0.05098498	0.99869810	
0.99954981	-0.03000300	0.00000000	0.02995608	0.99798688	0.05590016	-0.00167717	-0.05587499	0.99843636	
0.99955785	-0.02973400	0.00000000	0.02968787	0.99800705	0.05568262	-0.00165567	-0.05565800	0.99844852	
0.99954593	-0.03013199	0.00000000	0.03008483	0.99798165	0.05592437	-0.00168511	-0.05589898	0.99843501	
0.99941976	-0.03406099	0.00000000	0.03400887	0.99789059	0.05529706	-0.00188347	-0.05526498	0.99846995	
0.99931981	-0.03687700	0.00000000	0.03682757	0.99798011	0.05176321	-0.00190887	-0.05172801	0.99865939	
0.99917536	-0.04060301	0.00000000	0.04054579	0.99776722	0.05307178	-0.00215487	-0.05302801	0.99859070	
0.99920496	-0.03986800	0.00000000	0.03981850	0.99796412	0.04982062	-0.00198625	-0.04978101	0.99875818	
0.99929125	-0.03764301	0.00000000	0.03759766	0.99808736	0.04907180	-0.00184721	-0.04903702	0.99879525	
0.99934413	-0.03621198	0.00000000	0.03616939	0.99816858	0.04848978	-0.00175591	-0.04845798	0.99882368	
0.99932368	-0.03677200	0.00000000	0.03673191	0.99823410	0.04668458	-0.00171669	-0.04665300	0.99890968	
0.99930064	-0.03739301	0.00000000	0.03734203	0.99793821	0.05220052	-0.00195193	-0.05216401	0.99863662	
0.99939398	-0.03480901	0.00000000	0.03475782	0.99792422	0.05421387	-0.00188713	-0.05418101	0.99852935	
0.99939461	-0.03479100	0.00000000	0.03473772	0.99786402	0.05532349	-0.00192476	-0.05529000	0.99846848	
0.99944879	-0.03319800	0.00000000	0.03314400	0.99782299	0.05701543	-0.00189280	-0.05698400	0.99837330	
0.99954297	-0.03023000	0.00000000	0.03018635	0.99809985	0.05371654	-0.00162385	-0.05369199	0.99855622	
0.99953717	-0.03042099	0.00000000	0.03038104	0.99822463	0.05123069	-0.00155849	-0.05120698	0.99868685	
0.99945914	-0.03288501	0.00000000	0.03284036	0.99810216	0.05209218	-0.00171305	-0.05206401	0.99864228	
0.99942183	-0.03400000	0.00000000	0.03394742	0.99787612	0.05559515	-0.00189024	-0.05556301	0.99845339	
0.99931963	-0.03688201	0.00000000	0.03681734	0.99756736	0.05919329	-0.00218317	-0.05915302	0.99824654	
0.99932007	-0.03687000	0.00000000	0.03680676	0.99760602	0.05854481	-0.00215855	-0.05850500	0.99828478	
0.99929118	-0.03764498	0.00000000	0.03758370	0.99766454	0.05703440	-0.00214706	-0.05699397	0.99837221	
0.99923146	-0.03919800	0.00000000	0.03913001	0.99749808	0.05887625	-0.00230783	-0.05883101	0.99826529	
0.99921985	-0.03949302	0.00000000	0.03942233	0.99743146	0.05980268	-0.00236179	-0.05975603	0.99821022	
0.99922194	-0.03944001	0.00000000	0.03937112	0.99747637	0.05908299	-0.00233023	-0.05903702	0.99825307	
0.99914423	-0.04136201	0.00000000	0.04128765	0.99734815	0.05993330	-0.00247896	-0.05988201	0.99820238	
0.99908023	-0.04288002	0.00000000	0.04280006	0.99721738	0.06103816	-0.00261732	-0.06098202	0.99813543	
0.99909906	-0.04243902	0.00000000	0.04235582	0.99714044	0.06258541	-0.00265606	-0.06252903	0.99803961	
0.99908845	-0.04268801	0.00000000	0.04260336	0.99710729	0.06294440	-0.00268697	-0.06288702	0.99801704	
0.99904308	-0.04373701	0.00000000	0.04364898	0.99703220	0.06341570	-0.00277361	-0.06335501	0.99798720	
0.99905708	-0.04341600	0.00000000	0.04332057	0.99686111	0.06626649	-0.00287703	-0.06620401	0.99780196	
0.99908460	-0.04277802	0.00000000	0.04270694	0.99742449	0.05762378	-0.00246503	-0.05757103	0.99833837	
0.99895516	-0.04570102	0.00000000	0.04562577	0.99731033	0.05736195	-0.00262150	-0.05730202	0.99835345	
0.99891829	-0.04650001	0.00000000	0.04642144	0.99723031	0.05810988	-0.00270211	-0.05804702	0.99831019	
0.99896457	-0.04549501	0.00000000	0.04540942	0.99708526	0.06131050	-0.00278932	-0.06124702	0.99811874	
0.99893895	-0.04605399	0.00000000	0.04596597	0.99702981	0.06179556	-0.00284593	-0.06172999	0.99808883	
0.99892099	-0.04644198	0.00000000	0.04635963	0.99714965	0.05952621	-0.00276452	-0.05946198	0.99822674	
0.99881754	-0.04861599	0.00000000	0.04854094	0.99727574	0.05554166	-0.00270021	-0.05547599	0.99845637	
0.99890592	-0.04676502	0.00000000	0.04669655	0.99744341	0.05409320	-0.00252967	-0.05403402	0.99853589	
0.99895905	-0.04561602	0.00000000	0.04555038	0.99752148	0.05362885	-0.00244633	-0.05357303	0.99856094	
0.99900595	-0.04457700	0.00000000	0.04450730	0.99744401	0.05589757	-0.00249175	-0.05584200	0.99843651	
0.99918456	-0.04037599	0.00000000	0.04031741	0.99773484	0.05384890	-0.00217420	-0.05380499	0.99854910	
0.99924097	-0.03895501	0.00000000	0.03890902	0.99806121	0.04857888	-0.00189239	-0.04854201	0.99881935	
0.99921577	-0.03959601	0.00000000	0.03955351	0.99814325	0.04632034	-0.00183410	-0.04628401	0.99892664	
0.99905129	-0.04354901	0.00000000	0.04351357	0.99823823	0.04033628	-0.00175660	-0.04029801	0.99918616	
0.99895644	-0.04567300	0.00000000	0.04564550	0.99835498	0.03469621	-0.00158468	-0.03466000	0.99939791	
0.99882566	-0.04844901	0.00000000	0.04842566	0.99834426	0.03104346	-0.00150403	-0.03100701	0.99951804	
0.99875542	-0.04987599	0.00000000	0.04985559	0.99834685	0.02860059	-0.00142648	-0.02856500	0.99959092	
0.99880916	-0.04878798	0.00000000	0.04877243	0.99849068	0.02525106	-0.00123195	-0.02522099	0.99968114	
0.99893844	-0.04606502	0.00000000	0.04605883	0.99880435	0.01638440	-0.00075475	-0.01636701	0.99986577	
0.99904955	-0.04358902	0.00000000	0.04358588	0.99897748	0.01201142	-0.00052357	-0.01200001	0.99992786	
0.99920060	-0.03997698	0.00000000	0.03997542	0.99916155	0.00884106	-0.00035344	-0.00883400	0.99996092	
0.99942217	-0.03398998	0.00000000	0.03398819	0.99936948	0.01026893	-0.00034904	-0.01026299	0.99994727	
0.99959817	-0.02834601	0.00000000	0.02834412	0.99953136	0.01156165	-0.00032773	-0.01155700	0.99993316	
0.99964325	-0.02670900	0.00000000	0.02670798	0.99960509	0.00873812	-0.00023339	-0.00873500	0.99996182	
0.99959059	-0.02861201	0.00000000	0.02861200	0.99959027	0.00080733	-0.00002310	-0.00080700	0.99999967	
0.99963738	-0.02692800	0.00000000	0.02692788	0.99963294	-0.00297908	0.00008022	0.00297800	0.99999556	
0.99969838	-0.02455899	0.00000000	0.02455815	0.99966442	-0.00824248	0.00020243	0.00824000	0.99996603	
0.99964945	-0.02647600	0.00000000	0.02647345	0.99955307	-0.01388587	0.00036764	0.01388100	0.99990359	
0.99960191	-0.02821400	0.00000000	0.02821129	0.99950602	-0.01385051	0.00039078	0.01384500	0.99990408	
0.99961778	-0.02764599	0.00000000	0.02764188	0.99946948	-0.01722457	0.00047619	0.01721799	0.99985165	
0.99963387	-0.02705801	0.00000000	0.02705393	0.99948332	-0.01735436	0.00046957	0.01734801	0.99984940	
