0.96641479	-0.25545877	0.02798704	15.15788406	0.04200487	0.04958235	-0.99788636	-9.87867242	0.25353116	0.96554772	0.05864763	1.45177636	
0.97019626	-0.24104359	0.02484373	15.16578146	0.03103576	0.02192548	-0.99927777	-9.86596011	0.24032479	0.97026659	0.02875299	1.45420011	
0.95365837	-0.29946572	0.02925751	15.16377079	0.04096981	0.03290565	-0.99861839	-9.85127910	0.29808924	0.95353946	0.04364980	1.45628918	
0.94190271	-0.33416314	0.03397463	15.14967724	0.04974493	0.03874710	-0.99801007	-9.84326858	0.33218176	0.94171846	0.05311892	1.45536088	
0.94372049	-0.32890072	0.03487056	15.14040225	0.05141138	0.04172670	-0.99780547	-9.83792413	0.32672390	0.94344221	0.05628758	1.45560356	
0.94470819	-0.32567414	0.03824646	15.13669912	0.05529218	0.04324218	-0.99753340	-9.83188558	0.32321697	0.94449271	0.05885847	1.45488536	
0.93903210	-0.34129042	0.04170812	15.13265604	0.05962168	0.04216320	-0.99733020	-9.82097080	0.33862069	0.93901178	0.05994091	1.45585606	
0.93506052	-0.35212055	0.04090167	15.12436986	0.05964932	0.04255361	-0.99731196	-9.81293999	0.34943352	0.93498680	0.06079395	1.45429114	
0.93305407	-0.35758026	0.03932503	15.11816765	0.05803176	0.04173139	-0.99744213	-9.80504865	0.35502453	0.93294954	0.05968866	1.45508223	
0.93153608	-0.36163736	0.03819637	15.11088020	0.05591388	0.03865134	-0.99768718	-9.79634882	0.35932461	0.93151731	0.05622566	1.45468813	
0.93169725	-0.36114586	0.03890901	15.10454422	0.05617541	0.03743145	-0.99771900	-9.78878836	0.35886566	0.93175778	0.05516230	1.45574583	
0.93049030	-0.36440865	0.03733809	15.09819422	0.05415369	0.03603224	-0.99788229	-9.78049800	0.36229156	0.93054179	0.05326172	1.45522289	
0.93035779	-0.36461651	0.03858987	15.09101981	0.05429395	0.03291344	-0.99798240	-9.77265597	0.36261073	0.93057590	0.05041775	1.45510521	
0.93088018	-0.36315512	0.03975486	15.08433631	0.05387170	0.02882381	-0.99813177	-9.76495877	0.36133077	0.93128274	0.04639529	1.45455920	
0.93043920	-0.36409334	0.04146004	15.07907114	0.05399620	0.02431492	-0.99824506	-9.75634542	0.36244628	0.93104502	0.04228321	1.45591797	
0.92795480	-0.37020240	0.04301242	15.07254605	0.05577301	0.02382913	-0.99815908	-9.74738939	0.36849593	0.92864544	0.04275966	1.45634378	
0.92618876	-0.37436887	0.04497038	15.06574617	0.05734353	0.02197144	-0.99811271	-9.73948983	0.37267426	0.92701953	0.04181733	1.45499277	
0.92457269	-0.37842478	0.04427211	15.05920370	0.05600179	0.02004096	-0.99822951	-9.73063332	0.37686753	0.92541507	0.03972178	1.45663872	
0.92289611	-0.38272924	0.04220312	15.05195795	0.05561500	0.02404124	-0.99816281	-9.72247528	0.38101148	0.92354770	0.04347305	1.45635327	
0.92077543	-0.38770284	0.04311736	15.04632361	0.05803607	0.02684807	-0.99795340	-9.71327773	0.38575175	0.92139334	0.04722179	1.45830805	
0.91882053	-0.39238964	0.04241698	15.03764539	0.06162415	0.03647765	-0.99743263	-9.70479766	0.38983496	0.91907549	0.05769709	1.45728549	
0.91992118	-0.39019431	0.03864477	15.02989427	0.05919944	0.04078488	-0.99741266	-9.69695967	0.38760862	0.91982878	0.06061816	1.45682557	
0.92161023	-0.38669734	0.03316260	15.02247752	0.05472757	0.04488798	-0.99749184	-9.68838750	0.38423883	0.92111359	0.06253223	1.45676277	
0.92500932	-0.37878182	0.02970017	15.01397376	0.05101619	0.04636162	-0.99762114	-9.68151727	0.37650380	0.92432404	0.06220893	1.45624398	
0.92749643	-0.37250851	0.03142886	15.00881481	0.05058324	0.04175634	-0.99784655	-9.67362122	0.37039398	0.92708889	0.05757155	1.45691657	
0.92705435	-0.37337622	0.03406513	15.00155001	0.05347988	0.04175985	-0.99769535	-9.66421798	0.37109317	0.92673961	0.05868177	1.45757981	
0.92966193	-0.36682397	0.03418877	14.99280417	0.05325575	0.04198136	-0.99769805	-9.65722737	0.36454426	0.92934264	0.05856396	1.45698500	
0.93176248	-0.36138132	0.03496038	14.98754224	0.05275032	0.03947728	-0.99782711	-9.64904518	0.35921594	0.93158204	0.05584643	1.45769673	
0.93124059	-0.36267979	0.03541653	14.98064424	0.05375712	0.04059982	-0.99772833	-9.63987797	0.36041800	0.93102901	0.05730482	1.45806085	
0.93195406	-0.36085765	0.03526177	14.97333263	0.05434256	0.04286333	-0.99760194	-9.63206039	0.35848085	0.93163538	0.05955658	1.45832626	
0.93189880	-0.36116313	0.03355327	14.96697370	0.05382507	0.04621401	-0.99748039	-9.62287170	0.35870251	0.93135679	0.06250641	1.45931532	
0.93179572	-0.36144116	0.03342197	14.95932086	0.05589554	0.05189950	-0.99708682	-9.61562765	0.35865364	0.93094937	0.06856268	1.45847753	
0.93099914	-0.36324696	0.03594789	14.95331112	0.05731841	0.04822198	-0.99719067	-9.60752930	0.36049300	0.93044414	0.06571536	1.45752804	
0.92834360	-0.36951184	0.04048657	14.94713374	0.06043158	0.04255735	-0.99726471	-9.59750893	0.36677812	0.92825097	0.06183803	1.45854614	
0.92615390	-0.37447887	0.04477188	14.94003726	0.06581116	0.04357808	-0.99688005	-9.58864161	0.37135945	0.92621084	0.06500490	1.45888632	
0.92403468	-0.37963349	0.04514787	14.93329924	0.06687418	0.04423092	-0.99678055	-9.58009331	0.37641435	0.92407902	0.06625858	1.45818656	
0.92175528	-0.38495051	0.04669386	14.92629762	0.06795326	0.04180084	-0.99681244	-9.57097701	0.38177161	0.92199013	0.06468879	1.45804018	
0.91983056	-0.38943317	0.04747153	14.91958894	0.06843438	0.04012530	-0.99684838	-9.56104862	0.38630102	0.92018029	0.06355909	1.45847127	
0.91870786	-0.39228861	0.04566736	14.91244956	0.06727262	0.04149854	-0.99687124	-9.55222743	0.38916610	0.91890561	0.06451532	1.45818287	
0.91736969	-0.39552573	0.04463469	14.90571796	0.06600786	0.04058679	-0.99699332	-9.54159098	0.39252493	0.91755769	0.06334090	1.45880757	
0.91801645	-0.39428922	0.04221149	14.89751866	0.06432569	0.04303225	-0.99700072	-9.53248088	0.39129018	0.91797834	0.06486724	1.45834819	
0.92049998	-0.38884027	0.03851009	14.89019165	0.06037260	0.04415893	-0.99719865	-9.52326502	0.38605042	0.92024629	0.06412359	1.45877231	
0.92292947	-0.38332417	0.03554969	14.88293916	0.05729821	0.04546477	-0.99732135	-9.51391090	0.38068112	0.92249419	0.06392456	1.45890403	
0.92547090	-0.37733857	0.03345456	14.87609225	0.05525082	0.04708432	-0.99736173	-9.50360445	0.37476786	0.92487765	0.06442344	1.45963826	
0.92905744	-0.36867504	0.03051214	14.86810007	0.05323930	0.05162881	-0.99724623	-9.49420389	0.36608449	0.92812347	0.06759413	1.45991259	
0.93357861	-0.35731437	0.02752131	14.86036898	0.05058156	0.05535191	-0.99718487	-9.48601970	0.35478513	0.93234254	0.06974888	1.45962653	
0.93642310	-0.34980620	0.02733848	14.85380081	0.04941427	0.05433873	-0.99729912	-9.47653236	0.34737588	0.93524485	0.06816946	1.45987907	
0.93792793	-0.34573640	0.02752347	14.84638914	0.04988803	0.05595407	-0.99718620	-9.46591891	0.34322352	0.93666188	0.06972899	1.46039872	
0.94065022	-0.33799826	0.03056704	14.83889739	0.05277471	0.05670844	-0.99699498	-9.45723071	0.33524916	0.93943671	0.07118057	1.46017961	
0.94213649	-0.33336595	0.03529842	14.83158549	0.05691370	0.05529467	-0.99684669	-9.44704726	0.33036293	0.94117461	0.07106822	1.46043650	
0.94292077	-0.33072015	0.03904629	14.82446146	0.06226192	0.05989280	-0.99626116	-9.43672435	0.32714505	0.94182644	0.07706544	1.46107968	
0.94400997	-0.32758658	0.03914332	14.81603196	0.06370001	0.06456758	-0.99587817	-9.42785156	0.32370894	0.94261236	0.08181971	1.46013423	
0.94561451	-0.32250774	0.04244956	14.80887891	0.06518525	0.06002193	-0.99606639	-9.41844095	0.31869121	0.94466191	0.07778036	1.46021366	
0.94636956	-0.31981217	0.04587852	14.80140330	0.06798804	0.05830824	-0.99598081	-9.40785284	0.31585169	0.94568511	0.07692454	1.46059480	
0.94694938	-0.31755020	0.04948472	14.79409729	0.07152447	0.05811974	-0.99574412	-9.39846159	0.31332270	0.94645865	0.07774906	1.46034455	
0.94723838	-0.31644228	0.05102684	14.78642192	0.07285429	0.05752665	-0.99568215	-9.38809155	0.31214053	0.94686587	0.07754562	1.46051271	
0.94806714	-0.31357564	0.05328245	14.77901093	0.07532996	0.05860998	-0.99543471	-9.37841538	0.30902119	0.94775270	0.07918784	1.46054561	
0.94914502	-0.30995902	0.05521910	14.77158742	0.07664841	0.05737871	-0.99540580	-9.36924741	0.30536660	0.94901691	0.07821858	1.46067699	
0.94859794	-0.31113462	0.05794136	14.76444517	0.07989399	0.05827027	-0.99509875	-9.35914702	0.30623341	0.94857779	0.08013284	1.46069011	
0.94740655	-0.31431084	0.06024559	14.75694373	0.08294023	0.05932528	-0.99478713	-9.34893635	0.30909829	0.94746462	0.08227417	1.46062632	
0.94828167	-0.31158521	0.06063432	14.74906377	0.08248852	0.05743245	-0.99493576	-9.34019018	0.30652489	0.94848098	0.08016434	1.46032142	
0.94899996	-0.30919957	0.06160119	14.74153944	0.08172082	0.05253323	-0.99526980	-9.33124211	0.30450088	0.94954509	0.07512208	1.45989509	
0.94863107	-0.30976638	0.06437299	14.73475245	0.08277552	0.04662092	-0.99547712	-9.31937580	0.30536422	0.94966904	0.06986713	1.46062675	
0.94810963	-0.31102005	0.06598977	14.72750869	0.08473597	0.04713574	-0.99528792	-9.30816315	0.30644402	0.94923377	0.07104444	1.46129475	
0.94740142	-0.31315412	0.06606842	14.72003038	0.08626808	0.05107691	-0.99496179	-9.29812740	0.30820182	0.94832781	0.07540554	1.46113439	
0.94784253	-0.31243888	0.06305934	14.71201009	0.08341744	0.05221293	-0.99514589	-9.28845040	0.30762976	0.94850185	0.07555249	1.46084812	
0.94887464	-0.30950664	0.06198839	14.70475222	0.08129751	0.04987079	-0.99544142	-9.27953024	0.30500432	0.94958862	0.07248325	1.46083961	
0.94753691	-0.31311659	0.06427909	14.69850596	0.08292585	0.04658854	-0.99546613	-9.26751704	0.30870229	0.94857130	0.07010982	1.46169952	
0.94705008	-0.31467985	0.06381797	14.69011979	0.08252004	0.04645813	-0.99550594	-9.25693898	0.31030080	0.94806025	0.06996557	1.46110472	
0.94813279	-0.31086083	0.06640604	14.68290824	0.08390244	0.04323828	-0.99553545	-9.24770384	0.30660169	0.94947143	0.06707761	1.46125461	
0.94693565	-0.31421440	0.06769185	14.67613205	0.08500920	0.04172498	-0.99550613	-9.23555583	0.30997792	0.94843468	0.06622199	1.46175874	
0.94699664	-0.31441257	0.06589455	14.66782655	0.08373471	0.04356098	-0.99553550	-9.22545261	0.31013845	0.94828644	0.06757935	1.46123351	
0.94800743	-0.31182719	0.06360600	14.66108119	0.08031018	0.04100920	-0.99592596	-9.21559937	0.30794836	0.94925342	0.06391992	1.46140640	
0.94617799	-0.31800101	0.06018774	14.65459834	0.07731635	0.04150768	-0.99614221	-9.20314479	0.31427598	0.94718133	0.06386033	1.46167831	
0.94683924	-0.31672055	0.05642294	14.64456399	0.07183965	0.03720188	-0.99672217	-9.19356037	0.31358336	0.94778906	0.05797729	1.45991201	
0.94830439	-0.31267220	0.05435882	14.63952026	0.06612872	0.02715433	-0.99744154	-9.18237884	0.31039617	0.94947287	0.04642718	1.46113776	
0.94577003	-0.32024768	0.05441022	14.63227364	0.06619378	0.02601631	-0.99746756	-9.16994858	0.31802112	0.94697654	0.04580385	1.46179584	
0.94553404	-0.32128898	0.05233318	14.62339117	0.06368958	0.02493093	-0.99765830	-9.15965494	0.31923191	0.94665297	0.04403580	1.46113833	
0.94627465	-0.31967884	0.04867985	14.61598265	0.05825542	0.02045378	-0.99809215	-9.14984009	0.31807326	0.94730517	0.03797792	1.46069011	
0.94454249	-0.32500143	0.04704834	14.61002228	0.05484485	0.01486446	-0.99838424	-9.13805854	0.32377696	0.94559670	0.03186477	1.46141560	
0.94148331	-0.33378331	0.04688147	14.60218975	0.05337976	0.01031812	-0.99852098	-9.12678452	0.33280591	0.94259336	0.02753161	1.46115443	
0.93944454	-0.33928532	0.04826422	14.59391218	0.05289796	0.00441669	-0.99859016	-9.11569791	0.33859381	0.94067314	0.02209674	1.46115650	
0.93790448	-0.34303016	0.05162837	14.58618550	0.05472164	-0.00066271	-0.99850143	-9.10458163	0.34255032	0.93932415	0.01814961	1.46141636	
0.93631831	-0.34689088	0.05454125	14.57850543	0.05722580	-0.00250837	-0.99835811	-9.09277609	0.34645813	0.93790214	0.01750248	1.46216628	
0.93566636	-0.34855403	0.05512307	14.56906285	0.05913140	0.00086260	-0.99824984	-9.08192576	0.34789645	0.93728829	0.02141759	1.46145938	
0.93737215	-0.34458717	0.05092276	14.55958355	0.05504020	0.00216985	-0.99848178	-9.07153382	0.34395351	0.93875182	0.02100010	1.46104396	
0.94008908	-0.33758183	0.04765529	14.55115926	0.05070211	0.00020887	-0.99871380	-9.06077265	0.33713768	0.94129616	0.01731247	1.46122053	
0.94323653	-0.32934670	0.04284399	14.54257417	0.04514882	-0.00065059	-0.99898006	-9.05054780	0.32903866	0.94420884	0.01425595	1.46131397	
0.94557923	-0.32337091	0.03621015	14.53372037	0.03866744	0.00117540	-0.99925144	-9.04003135	0.32308629	0.94627156	0.01361536	1.46111359	
0.94847300	-0.31557759	0.02845628	14.52531753	0.02975011	-0.00071771	-0.99955711	-9.02963889	0.31545824	0.94889951	0.00870774	1.46102787	
0.95007501	-0.31089161	0.02653097	14.51870158	0.02654141	-0.00419779	-0.99963890	-9.01835139	0.31089071	0.95043610	0.00426328	1.46187497	
0.94987165	-0.31167655	0.02452723	14.50973401	0.02454673	-0.00386110	-0.99969123	-9.00711901	0.31167502	0.95018041	0.00398309	1.46158450	
0.95143598	-0.30704048	0.02226486	14.50041746	0.02114902	-0.00696130	-0.99975210	-8.99726657	0.30711935	0.95167100	-0.00012963	1.46049157	
0.95215795	-0.30446893	0.02634229	14.49397443	0.02380707	-0.01203680	-0.99964411	-8.98576180	0.30467764	0.95244621	-0.00421242	1.46166758	
0.95129668	-0.30686429	0.02947754	14.48492421	0.02766690	-0.01024974	-0.99956465	-8.97492097	0.30703283	0.95169809	-0.00126056	1.46077745	
0.95186562	-0.30494721	0.03096844	14.47620062	0.02788063	-0.01447642	-0.99950643	-8.96538845	0.30524501	0.95225922	-0.00527748	1.45996395	
0.95041029	-0.30911690	0.03416172	14.46926696	0.02853808	-0.02269728	-0.99933498	-8.95349627	0.30968671	0.95075316	-0.01275013	1.45929057	
0.94893519	-0.31341090	0.03599469	14.46115728	0.02769139	-0.03090623	-0.99913863	-8.94230576	0.31425340	0.94911454	-0.02064922	1.45917939	
0.94721430	-0.31870590	0.03480826	14.45370180	0.02439756	-0.03660068	-0.99903211	-8.93069688	0.31967144	0.94714673	-0.02689304	1.46031971	
0.94342831	-0.33004665	0.03181564	14.44611937	0.02203242	-0.03334141	-0.99920114	-8.91822618	0.33084377	0.94337562	-0.02418351	1.46103147	
0.94173186	-0.33532102	0.02647490	14.43720534	0.01693677	-0.03133774	-0.99936534	-8.90841077	0.33593787	0.94158258	-0.02383249	1.46040401	
0.93674234	-0.34927871	0.02276350	14.43226267	0.01340645	-0.02918406	-0.99948415	-8.89575180	0.34976287	0.93656429	-0.02265536	1.46120004	
0.93041390	-0.36618969	0.01533230	14.42266479	0.00675719	-0.02468747	-0.99967238	-8.88385037	0.36644824	0.93021268	-0.02049515	1.46027210	
0.92754376	-0.37357993	0.01003030	14.41348687	0.00034082	-0.02599386	-0.99966204	-8.87319934	0.37371440	0.92723371	-0.02398312	1.45910388	
0.92527739	-0.37927241	0.00376656	14.40624565	-0.01021484	-0.03484472	-0.99934053	-8.86200972	0.37915354	0.92462873	-0.03611524	1.45868846	
0.92071750	-0.39022353	0.00220869	14.40068230	-0.01780659	-0.04766670	-0.99870457	-8.84935537	0.38982331	0.91948544	-0.05083612	1.45926371	
0.91383697	-0.40607249	0.00266905	14.39209497	-0.02055784	-0.05282622	-0.99839209	-8.83623848	0.40556055	0.91231273	-0.05662252	1.45977806	
0.91090066	-0.41262571	-0.00009782	14.38175638	-0.02425495	-0.05330786	-0.99828351	-8.82498537	0.41191223	0.90933948	-0.05856638	1.45969287	
0.91052996	-0.41343575	-0.00246571	14.37485039	-0.02928154	-0.05853703	-0.99785570	-8.81409113	0.41240488	0.90864971	-0.06540575	1.45987525	
0.90470923	-0.42602723	0.00141833	14.36734964	-0.02637309	-0.05932795	-0.99789010	-8.80081219	0.42521250	0.90276298	-0.06491020	1.46017194	
0.90368402	-0.42818999	0.00292042	14.35586218	-0.02595223	-0.06157666	-0.99776490	-8.79013963	0.42741277	0.90158840	-0.06675833	1.45931480	
0.90450484	-0.42645302	0.00297012	14.34878438	-0.02853723	-0.06747331	-0.99731288	-8.77878980	0.42550750	0.90198956	-0.07319972	1.45942195	
0.90238956	-0.43090126	0.00414578	14.33999880	-0.02898657	-0.07029674	-0.99710488	-8.76648300	0.42994519	0.89965686	-0.07592540	1.46004215	
0.90226849	-0.43113972	0.00548766	14.33064689	-0.02787166	-0.07101963	-0.99708544	-8.75483255	0.43027287	0.89948583	-0.07609535	1.46078575	
0.90190544	-0.43189714	0.00560696	14.32222581	-0.02667423	-0.06864914	-0.99728420	-8.74290253	0.43110911	0.89930649	-0.07343556	1.46096861	
0.90189842	-0.43192680	0.00429792	14.31211231	-0.02655652	-0.06537794	-0.99750713	-8.73151061	0.43113105	0.89953597	-0.07043473	1.46069321	
0.90288515	-0.42986521	0.00378328	14.30448469	-0.02740451	-0.06633859	-0.99742077	-8.71979928	0.42900746	0.90045272	-0.07167638	1.46118111	
0.90022158	-0.43540691	0.00468327	14.29584160	-0.02522661	-0.06288839	-0.99770169	-8.70702706	0.43470074	0.89803445	-0.06759732	1.46152143	
0.89948192	-0.43694167	0.00377382	14.28490231	-0.02429130	-0.05862521	-0.99798448	-8.69555169	0.43628225	0.89757733	-0.06334620	1.46112704	
0.90228746	-0.43113103	0.00183682	14.27535554	-0.02634311	-0.05938333	-0.99788760	-8.68463141	0.43032938	0.90033308	-0.06493816	1.46121928	
0.90270836	-0.43025167	0.00105326	14.26720552	-0.02674649	-0.05855957	-0.99792555	-8.67234129	0.42942082	0.90080757	-0.06436994	1.46163837	
0.90287480	-0.42990359	-0.00000000	14.25755147	-0.02560969	-0.05378494	-0.99822408	-8.66065263	0.42914012	0.90127137	-0.05957077	1.46263309	
0.90362440	-0.42832394	0.00124534	14.24815386	-0.02244917	-0.05026352	-0.99848366	-8.64953393	0.42773705	0.90222624	-0.05503486	1.46151004	
0.90373359	-0.42808080	0.00352532	14.23953331	-0.02064229	-0.05180089	-0.99844407	-8.63778737	0.42759735	0.90225468	-0.05565077	1.46182799	
0.90284576	-0.42992953	0.00549023	14.23059502	-0.01768222	-0.04988458	-0.99859845	-8.62554381	0.42960084	0.90148329	-0.05264019	1.46228997	
0.90360543	-0.42833220	0.00536175	14.22002073	-0.01592837	-0.04610515	-0.99880959	-8.61463566	0.42806952	0.90244437	-0.04848350	1.46181034	
0.90438043	-0.42667969	0.00636280	14.21169564	-0.01438019	-0.04537537	-0.99886650	-8.60311560	0.42648476	0.90326382	-0.04717233	1.46112194	
0.90386664	-0.42771676	0.00913667	14.20306853	-0.01276640	-0.04831322	-0.99875065	-8.59046983	0.42762381	0.90262074	-0.04912911	1.46161539	
0.90470022	-0.42590858	0.01092678	14.19256872	-0.01062090	-0.04818454	-0.99878198	-8.57921903	0.42591631	0.90348223	-0.04811610	1.46100610	
0.90507615	-0.42497418	0.01530059	14.18561104	-0.00601610	-0.04877269	-0.99879179	-8.56622983	0.42520697	0.90389058	-0.04669968	1.46168852	
0.90399259	-0.42725989	0.01569673	14.17442197	-0.00201996	-0.04098100	-0.99915788	-8.55407621	0.42754336	0.90319961	-0.03790956	1.46149614	
0.90847134	-0.41771885	0.01381242	14.16450712	-0.00073490	-0.03464475	-0.99939942	-8.54412084	0.41794650	0.90791558	-0.03178075	1.46074455	
0.91034807	-0.41368045	0.01161401	14.15690583	-0.00181114	-0.03204596	-0.99948476	-8.53169645	0.41383948	0.90985798	-0.02992221	1.46065450	
0.91155823	-0.41106957	0.00913223	14.14639379	-0.00331575	-0.02955871	-0.99955755	-8.52051206	0.41115763	0.91112463	-0.02830749	1.46015724	
0.91392279	-0.40576356	0.01005312	14.13817433	-0.00331197	-0.03222255	-0.99947523	-8.50885905	0.40587457	0.91340990	-0.03079280	1.45991353	
0.91315288	-0.40742410	0.01254664	14.13002643	-0.00059368	-0.03210977	-0.99948417	-8.49515307	0.40761681	0.91267440	-0.02956300	1.46069579	
0.91393354	-0.40574026	0.01001664	14.11963937	0.00024241	-0.02413411	-0.99970870	-8.48399509	0.40586381	0.91366974	-0.02195861	1.46055699	
0.91421341	-0.40511908	0.00961136	14.11117459	0.00266309	-0.01771130	-0.99983960	-8.47170080	0.40522433	0.91409236	-0.01511304	1.46054607	
0.91479816	-0.40386048	0.00640702	14.10051556	0.00089849	-0.01382770	-0.99990399	-8.46049130	0.40391030	0.91471608	-0.01228669	1.45978831	
0.91666641	-0.39960840	0.00598431	14.09203433	-0.00094041	-0.01713045	-0.99985282	-8.44890892	0.39965210	0.91652587	-0.01607870	1.45898100	
0.91432917	-0.40491559	0.00674822	14.08448704	-0.00114457	-0.01924717	-0.99981410	-8.43450100	0.40497020	0.91415147	-0.01806170	1.45991402	
0.91303705	-0.40781431	0.00712998	14.07310703	0.00278161	-0.01125461	-0.99993280	-8.42291132	0.40786715	0.91299552	-0.00914149	1.46027563	
0.91661324	-0.39970735	0.00736282	14.06289142	0.00501799	-0.00691255	-0.99996352	-8.41233951	0.39974366	0.91661674	-0.00433040	1.46012637	
0.91841371	-0.39546520	0.01111485	14.05533165	0.00961850	-0.00576637	-0.99993711	-8.39974035	0.39550442	0.91846286	-0.00149213	1.45997368	
0.91577904	-0.40136553	0.01595159	14.04544446	0.01708003	-0.00076669	-0.99985383	-8.38674795	0.40131910	0.91591764	0.00615321	1.46048513	
0.91651808	-0.39972059	0.01476686	14.03418999	0.02007057	0.00908576	-0.99975728	-8.37603072	0.39948940	0.91659200	0.01634988	1.46088358	
0.92011951	-0.39144032	0.01243215	14.02397855	0.01851754	0.01177498	-0.99975920	-8.36596676	0.39119967	0.92012816	0.01808290	1.46046041	
0.92099551	-0.38938072	0.01224452	14.01541894	0.01895235	0.01339000	-0.99973072	-8.35315946	0.38911192	0.92097957	0.01971181	1.46089301	
0.92081048	-0.38990392	0.00910984	14.00547386	0.01800237	0.01915876	-0.99965437	-8.34036861	0.38959462	0.92065622	0.02466078	1.46140543	
0.92321573	-0.38427522	0.00229449	13.99489584	0.01304197	0.02536463	-0.99959319	-8.33053690	0.38406070	0.92287008	0.02842873	1.46143784	
0.92433054	-0.38158219	0.00284508	13.98572202	0.01319123	0.02450081	-0.99961278	-8.31896370	0.38136472	0.92401014	0.02768039	1.46143613	
0.92261918	-0.38567019	0.00568737	13.97653398	0.01671514	0.02524682	-0.99954150	-8.30463108	0.38534977	0.92229122	0.02973973	1.46139847	
0.92286279	-0.38508042	0.00611073	13.96653708	0.01843396	0.02831818	-0.99942897	-8.29332401	0.38468749	0.92244845	0.03323235	1.46124403	
0.92277810	-0.38526457	0.00719585	13.95693410	0.02044125	0.03029525	-0.99933195	-8.28038031	0.38478920	0.92230874	0.03583108	1.46106499	
0.92440889	-0.38132026	0.00794146	13.94686548	0.02095039	0.02997633	-0.99933103	-8.26971782	0.38082711	0.92395686	0.03569919	1.46069667	
0.92503508	-0.37966969	0.01268934	13.93785813	0.02518936	0.02797352	-0.99929124	-8.25625048	0.37904563	0.92469909	0.03544012	1.46055673	
0.92535292	-0.37874225	0.01662155	13.92784261	0.02972352	0.02877266	-0.99914396	-8.24422948	0.37793978	0.92505483	0.03788242	1.46020718	
0.92682732	-0.37497129	0.01968897	13.91815906	0.03238016	0.02757456	-0.99909517	-8.23267075	0.37408909	0.92662623	0.03769849	1.46019794	
0.92590068	-0.37702371	0.02368650	13.90981636	0.03657811	0.02706922	-0.99896411	-8.21878184	0.37599198	0.92580796	0.03885422	1.46050583	
0.92417843	-0.38122298	0.02373342	13.89967870	0.03892378	0.03218430	-0.99872374	-8.20545817	0.37997260	0.92392273	0.04458268	1.46035461	
0.92617556	-0.37653861	0.02043317	13.88943080	0.03572197	0.03366529	-0.99879457	-8.19460758	0.37539683	0.92578903	0.04463067	1.46020777	
0.92618583	-0.37658378	0.01909099	13.88104833	0.03503159	0.03552611	-0.99875457	-8.18167026	0.37543654	0.92570112	0.04609611	1.46107237	
0.92317359	-0.38397700	0.01766860	13.87206047	0.03746392	0.04413477	-0.99832288	-8.16695927	0.38255323	0.92228726	0.05512933	1.46157480	
0.92376898	-0.38276673	0.01185331	13.86024062	0.03442539	0.05217534	-0.99804440	-8.15596288	0.38139974	0.92237052	0.06137485	1.46027952	
0.92604296	-0.37725462	0.01110829	13.85100462	0.03201494	0.04919243	-0.99827609	-8.14541871	0.37605782	0.92480217	0.05763208	1.46044263	
0.92423370	-0.38164516	0.01179160	13.84212861	0.03232231	0.04742942	-0.99835150	-8.13050114	0.38045675	0.92309123	0.05617152	1.46079439	
0.92286512	-0.38485041	0.01449581	13.83252760	0.03553182	0.04760517	-0.99823406	-8.11602108	0.38348072	0.92175046	0.05760759	1.46074411	
0.92391619	-0.38231339	0.01467483	13.82182549	0.03711240	0.05138043	-0.99798934	-8.10451111	0.38079069	0.92260312	0.06165978	1.46052406	
0.92498386	-0.37947459	0.02009685	13.81208164	0.04184669	0.04915371	-0.99791421	-8.09200792	0.37769525	0.92389553	0.06134615	1.46051864	
0.92414289	-0.38132535	0.02347126	13.80258981	0.04664513	0.05164200	-0.99757573	-8.07674234	0.37918881	0.92299734	0.06551155	1.46064040	
0.92550528	-0.37801211	0.02338410	13.79162337	0.04904781	0.05840557	-0.99708731	-8.06509023	0.37554531	0.92395651	0.07259533	1.46014179	
0.92932753	-0.36850705	0.02351382	13.78036811	0.04835042	0.05830853	-0.99712705	-8.05505950	0.36607729	0.92779452	0.07200519	1.46013786	
0.93157784	-0.36262106	0.02585920	13.77039396	0.04844865	0.05333865	-0.99740048	-8.04233613	0.36029913	0.93040902	0.06725760	1.46010154	
0.93248179	-0.36010291	0.02834792	13.76099883	0.05058971	0.05248913	-0.99733925	-8.02703989	0.35765681	0.93143480	0.06716266	1.46026123	
0.93391019	-0.35651612	0.02660860	13.75015453	0.05136032	0.06013941	-0.99686778	-8.01493186	0.35379921	0.93235160	0.07447559	1.46022552	
0.93693051	-0.34879641	0.02241169	13.73921768	0.04817599	0.06536729	-0.99669764	-8.00407870	0.34617957	0.93491613	0.07804822	1.46059158	
0.93845486	-0.34487137	0.01913649	13.72844116	0.04565097	0.06892538	-0.99657678	-7.99150652	0.34237181	0.93611593	0.08042707	1.46054932	
0.94057157	-0.33929163	0.01436333	13.71726342	0.03949400	0.06727952	-0.99695220	-7.98095072	0.33729118	0.93827216	0.07668119	1.46066676	
0.94291301	-0.33289233	0.00988698	13.70706408	0.03230195	0.06186703	-0.99756155	-7.96814877	0.33146892	0.94093314	0.06908829	1.46040794	
0.94511398	-0.32662386	0.00874191	13.69648563	0.02906254	0.05738588	-0.99792897	-7.95575108	0.32544575	0.94341068	0.06372872	1.45993563	
0.94684887	-0.32142148	0.01286262	13.68650637	0.03062684	0.05027255	-0.99826583	-7.94256058	0.32021744	0.94560082	0.05744463	1.45960705	
0.94664683	-0.32181835	0.01710952	13.67694990	0.03390392	0.04665364	-0.99833560	-7.92808654	0.32048449	0.94565130	0.05507543	1.45913004	
0.94621757	-0.32306808	0.01730105	13.66589025	0.03420349	0.04671435	-0.99832254	-7.91616970	0.32171794	0.94522208	0.05525199	1.45872301	
0.94711048	-0.32042287	0.01763310	13.65613348	0.03221649	0.04026848	-0.99866939	-7.90391410	0.31928645	0.94641832	0.04846160	1.45859989	
0.94452923	-0.32805061	0.01572680	13.64693271	0.02977922	0.03785634	-0.99883937	-7.88856505	0.32707451	0.94390132	0.04552551	1.45860216	
0.94281035	-0.33306536	0.01327060	13.63672754	0.02726078	0.03736607	-0.99892974	-7.87595697	0.33221302	0.94216307	0.04430874	1.45865358	
0.93973520	-0.34171918	0.01121354	13.62761449	0.02559659	0.03761008	-0.99896461	-7.86135942	0.34094363	0.93904924	0.04409036	1.45906680	
0.93619770	-0.35142751	0.00570739	13.61704390	0.02226218	0.04308466	-0.99882336	-7.84676918	0.35076810	0.93522319	0.04815931	1.45945508	
0.93480415	-0.35516311	-0.00060817	13.60651467	0.01806379	0.04925467	-0.99862289	-7.83424991	0.35470397	0.93350583	0.05245906	1.45971531	
0.93299261	-0.35981557	-0.00758600	13.59622138	0.01306810	0.05493464	-0.99840443	-7.82125596	0.35965819	0.93140482	0.05595572	1.45996477	
0.93070799	-0.36555370	-0.01237478	13.58532083	0.00980957	0.05876741	-0.99822350	-7.80812158	0.36563153	0.92893320	0.05828122	1.45917108	
0.93050651	-0.36592230	-0.01607804	13.57401096	0.00411988	0.05434957	-0.99851347	-7.79527618	0.36625218	0.92905705	0.05208018	1.45800642	
0.92994707	-0.36733435	-0.01624564	13.56545562	0.00059498	0.04568585	-0.99895568	-7.78240334	0.36769293	0.92896624	0.04270398	1.45868610	
0.92594071	-0.37741470	-0.01385460	13.55539450	0.00223185	0.04215206	-0.99910871	-7.76667210	0.37766232	0.92508451	0.03987264	1.45844981	
0.92525583	-0.37911784	-0.01308855	13.54266761	0.00132493	0.03773264	-0.99928699	-7.75485550	0.37934139	0.92457878	0.03541465	1.45764084	
0.92563678	-0.37821298	-0.01230839	13.53251687	-0.00066157	0.03090887	-0.99952199	-7.74146433	0.37841262	0.92520246	0.02836018	1.45774341	
0.92501430	-0.37969397	-0.01345515	13.52106617	-0.00349665	0.02690520	-0.99963187	-7.72772091	0.37991620	0.92472082	0.02356004	1.45735294	
0.92629765	-0.37659150	-0.01230850	13.51017633	-0.00459868	0.02136483	-0.99976117	-7.71476751	0.37676453	0.92613303	0.01805836	1.45720304	
0.92676465	-0.37548707	-0.01080504	13.49912712	-0.00424369	0.01829686	-0.99982359	-7.70096744	0.37561853	0.92664701	0.01536343	1.45709870	
0.92953912	-0.36854415	-0.01149924	13.48601554	-0.00697494	0.01360600	-0.99988311	-7.68951798	0.36865753	0.92951067	0.01007674	1.45647005	
0.93163491	-0.36323335	-0.01085943	13.47735787	-0.00874953	0.00745348	-0.99993394	-7.67655651	0.36329030	0.93166838	0.00376580	1.45743361	
0.92949642	-0.36862261	-0.01240096	13.46595972	-0.00868342	0.01174218	-0.99989335	-7.66140080	0.36872891	0.92950497	0.00771341	1.45806904	
0.93148106	-0.36329277	-0.01901022	13.45218069	-0.01406125	0.01626248	-0.99976888	-7.65060232	0.36351796	0.93153309	0.01003984	1.45701422	
0.93403780	-0.35652433	-0.02153595	13.44309744	-0.01891748	0.01083010	-0.99976239	-7.63845681	0.35667285	0.93422327	0.00337118	1.45709617	
0.93207904	-0.36164399	-0.02103082	13.43234262	-0.01942245	0.00808228	-0.99977870	-7.62298566	0.36173393	0.93228124	0.00050931	1.45698097	
0.93282497	-0.35975913	-0.02027190	13.41978897	-0.01897645	0.00713262	-0.99979449	-7.61054309	0.35982979	0.93301795	-0.00017346	1.45704625	
0.93441518	-0.35551065	-0.02191923	13.40825585	-0.02098513	0.00648398	-0.99975876	-7.59750191	0.35556701	0.93464974	-0.00140170	1.45676663	
0.93673460	-0.34948816	-0.01965485	13.39746941	-0.01981022	0.00313021	-0.99979886	-7.58504754	0.34947939	0.93693555	-0.00399126	1.45634001	
0.93751779	-0.34753445	-0.01673900	13.38615969	-0.01836533	-0.00138593	-0.99983038	-7.57109118	0.34745230	0.93766619	-0.00768192	1.45619576	
0.93889461	-0.34396017	-0.01297325	13.37504887	-0.01464135	-0.00225275	-0.99989027	-7.55805608	0.34389320	0.93898154	-0.00715114	1.45585407	
0.93999308	-0.34105163	-0.00983872	13.36374603	-0.01229987	-0.00505479	-0.99991158	-7.54450410	0.34097174	0.94003097	-0.00894636	1.45565652	
0.94159238	-0.33670202	-0.00596168	13.35254410	-0.00880140	-0.00690825	-0.99993740	-7.53190328	0.33663976	0.94158591	-0.00946821	1.45558800	
0.94074191	-0.33912163	-0.00109013	13.34223347	-0.00306648	-0.00529207	-0.99998130	-7.51704164	0.33910951	0.94072765	-0.00601838	1.45580451	
0.94156632	-0.33682729	-0.00048671	13.32919290	-0.00202127	-0.00420526	-0.99998912	-7.50460358	0.33682157	0.94155706	-0.00464035	1.45526234	
0.94335001	-0.33179928	-0.00000982	13.31865440	-0.00091751	-0.00257903	-0.99999625	-7.49189679	0.33179801	0.94334648	-0.00273736	1.45603336	
0.94229540	-0.33478211	-0.00056827	13.30725837	0.00035525	0.00269733	-0.99999630	-7.47784180	0.33478240	0.94229171	0.00266061	1.45585473	
0.94239239	-0.33450725	0.00121546	13.29595162	0.00240504	0.00314206	-0.99999217	-7.46497754	0.33450081	0.94238794	0.00376556	1.45564811	
0.94087327	-0.33874290	0.00327556	13.28508814	0.00463731	0.00321072	-0.99998409	-7.45096003	0.33872699	0.94087350	0.00459174	1.45557128	
0.93867880	-0.34476714	0.00421127	13.27339227	0.00593489	0.00394408	-0.99997461	-7.43736071	0.34474177	0.93867996	0.00574838	1.45515486	
0.93723798	-0.34866386	0.00429937	13.26216723	0.00512966	0.00145813	-0.99998578	-7.42384876	0.34865264	0.93724670	0.00315515	1.45498381	
0.93569021	-0.35275022	0.00714949	13.25059113	0.00751166	-0.00034219	-0.99997173	-7.41019225	0.35274270	0.93571746	0.00232956	1.45465971	
0.93468160	-0.35534767	0.00991678	13.23812861	0.00976002	-0.00223378	-0.99994987	-7.39628931	0.35535201	0.93473154	0.00138033	1.45417934	
0.93544721	-0.35319813	0.01376955	13.22627362	0.01205415	-0.00705606	-0.99990245	-7.38363511	0.35326083	0.93552194	-0.00234307	1.45392875	
0.93473451	-0.35487614	0.01828416	13.21535516	0.01578691	-0.00993138	-0.99982606	-7.36964624	0.35499600	0.93486057	-0.00368081	1.45439182	
0.93332711	-0.35842522	0.02078117	13.20208305	0.01902551	-0.00842476	-0.99978350	-7.35523058	0.35852270	0.93352042	-0.00104383	1.45405343	
0.93557728	-0.35238682	0.02277439	13.18949358	0.02032488	-0.01064993	-0.99973670	-7.34345683	0.35253659	0.93579384	-0.00280161	1.45352986	
0.93551939	-0.35244738	0.02417248	13.17942198	0.02064460	-0.01376550	-0.99969211	-7.32933711	0.35267161	0.93573039	-0.00560176	1.45459010	
0.93389804	-0.35677764	0.02332723	13.16583158	0.02211514	-0.00747689	-0.99972747	-7.31471787	0.35685482	0.93415942	0.00090753	1.45509085	
0.93630394	-0.35056230	0.02100004	13.15238924	0.02197569	-0.00119531	-0.99975779	-7.30375616	0.35050249	0.93653865	0.00658467	1.45478790	
0.93756291	-0.34730652	0.01881398	13.14149427	0.02068456	0.00167906	-0.99978464	-7.29064062	0.34720013	0.93775016	0.00875811	1.45518026	
0.93723246	-0.34821692	0.01844723	13.12927263	0.02095603	0.00343926	-0.99977448	-7.27641817	0.34807495	0.93740767	0.01052063	1.45524632	
0.93739375	-0.34786085	0.01690536	13.11653981	0.02176408	0.01006440	-0.99971247	-7.26384458	0.34759069	0.93749215	0.01700518	1.45539685	
0.93795897	-0.34656979	0.01106138	13.10364163	0.01629888	0.01220126	-0.99979272	-7.25059731	0.34636299	0.93794483	0.01709298	1.45476225	
0.93965734	-0.34201125	0.00850786	13.09195827	0.01280430	0.01030650	-0.99986490	-7.23803677	0.34187736	0.93963933	0.01406380	1.45516445	
0.93917627	-0.34336143	0.00713185	13.07987103	0.01238302	0.01310325	-0.99983747	-7.22328827	0.34321217	0.93911194	0.01655812	1.45563226	
0.94053761	-0.33967779	0.00282910	13.06578404	0.00994119	0.01919945	-0.99976625	-7.21091568	0.33954407	0.94034589	0.02143461	1.45485778	
0.94517261	-0.32657105	0.00028987	13.05385248	0.00403604	0.01079368	-0.99993360	-7.19967339	0.32654623	0.94511102	0.01151994	1.45403157	
0.94442015	-0.32873049	0.00261473	13.04318704	0.00445263	0.00483826	-0.99997838	-7.18312847	0.32871073	0.94441138	0.00603307	1.45482824	
0.94528766	-0.32619633	0.00521465	13.02884123	0.00794274	0.00703202	-0.99994373	-7.17067380	0.32614131	0.94527589	0.00923817	1.45458596	
0.94892524	-0.31545415	0.00543855	13.01618557	0.00860203	0.00863688	-0.99992570	-7.15803205	0.31538374	0.94890152	0.01090930	1.45498558	
0.95088026	-0.30953179	0.00409830	13.00416388	0.00855295	0.01303592	-0.99987845	-7.14417938	0.30944074	0.95079974	0.01504301	1.45492491	
0.95273684	-0.30378502	0.00267855	12.99113930	0.00804177	0.01640499	-0.99983309	-7.13179596	0.30369037	0.95259936	0.01807261	1.45494359	
0.95394422	-0.29998405	0.00006590	12.97872402	0.00621860	0.01955540	-0.99978944	-7.11842385	0.29991959	0.95374376	0.02052025	1.45492791	
0.95455386	-0.29801066	-0.00407109	12.96602241	0.00205290	0.02023368	-0.99979317	-7.10604904	0.29803140	0.95434807	0.01992592	1.45462546	
0.95335568	-0.30179127	-0.00591421	12.95514009	-0.00100528	0.01641871	-0.99986470	-7.09121659	0.30184754	0.95323263	0.01534949	1.45423054	
0.95004046	-0.31205115	-0.00687087	12.94240514	-0.00204380	0.01579326	-0.99987319	-7.07626003	0.31212010	0.94993402	0.01436647	1.45378150	
0.94866290	-0.31620765	-0.00717147	12.92949448	-0.00375766	0.01140455	-0.99992791	-7.06369752	0.31626664	0.94862145	0.00963087	1.45309784	
0.94563532	-0.32515238	-0.00705468	12.91824329	-0.00488132	0.00749940	-0.99995997	-7.04835393	0.32519227	0.94563190	0.00550453	1.45329762	
0.94345788	-0.33138725	-0.00834942	12.90313000	-0.00758062	0.00361249	-0.99996474	-7.03539422	0.33140573	0.94348791	0.00089611	1.45137661	
0.94354512	-0.33119255	-0.00584018	12.89140374	-0.00899410	-0.00799106	-0.99992762	-7.02247722	0.33112191	0.94352935	-0.01051871	1.45188513	
0.94158295	-0.33676051	-0.00372980	12.87868879	-0.00797164	-0.01121425	-0.99990534	-7.00815506	0.33668680	0.94152355	-0.01324368	1.45255080	
0.94117193	-0.33789767	-0.00453404	12.86420498	-0.00855516	-0.01041215	-0.99990919	-6.99606841	0.33781978	0.94112526	-0.01269039	1.45211933	
0.94087996	-0.33869770	-0.00536405	12.85245450	-0.00947969	-0.01049825	-0.99989996	-6.98256871	0.33860750	0.94083668	-0.01308834	1.45256241	
0.93899440	-0.34388420	-0.00575982	12.83873613	-0.00915637	-0.00825392	-0.99992401	-6.96918306	0.34381053	0.93897579	-0.01089911	1.45204856	
0.93849131	-0.34523130	-0.00702938	12.82526672	-0.01037029	-0.00783140	-0.99991556	-6.95649893	0.34514710	0.93848496	-0.01092985	1.45212731	
0.93650144	-0.35044813	-0.01229517	12.81238178	-0.01541128	-0.00610419	-0.99986261	-6.94282575	0.35032492	0.93656225	-0.01111743	1.45200097	
0.93418279	-0.35629920	-0.01879864	12.79890961	-0.02153938	-0.00372599	-0.99976106	-6.92910374	0.35614402	0.93436449	-0.01115522	1.45214153	
0.93313476	-0.35867494	-0.02473480	12.78496700	-0.02766339	-0.00303465	-0.99961269	-6.91646379	0.35846096	0.93345759	-0.01275390	1.45188891	
0.93185424	-0.36176224	-0.02785259	12.77162122	-0.03178453	-0.00492138	-0.99948263	-6.90275587	0.36143800	0.93225740	-0.01608445	1.45166466	
0.93047059	-0.36531139	-0.02778626	12.75840590	-0.03300663	-0.00805199	-0.99942270	-6.88848745	0.36487676	0.93085055	-0.01954984	1.45142872	
0.93061444	-0.36505574	-0.02628834	12.74408182	-0.03232223	-0.01042677	-0.99942311	-6.87494104	0.36457104	0.93092728	-0.02150272	1.45126705	
0.93181786	-0.36205148	-0.02518329	12.73014669	-0.03044713	-0.00884006	-0.99949729	-6.86144541	0.36164685	0.93211618	-0.01926075	1.45123427	
0.93378323	-0.35695971	-0.02507292	12.71594392	-0.03075037	-0.01023764	-0.99947466	-6.84906712	0.35651549	0.93406368	-0.02053638	1.45019012	
0.93524048	-0.35320334	-0.02393019	12.70267757	-0.03093442	-0.01419804	-0.99942057	-6.83454841	0.35265892	0.93543884	-0.02420472	1.45051125	
0.93723966	-0.34795112	-0.02262374	12.68859131	-0.02962809	-0.01482191	-0.99945109	-6.82156738	0.34742480	0.93739550	-0.02420081	1.45020492	
0.93888760	-0.34366535	-0.01960117	12.67553302	-0.02683791	-0.01631319	-0.99950668	-6.80786213	0.34317605	0.93895048	-0.02453952	1.45025536	
0.93883723	-0.34383435	-0.01904196	12.66154292	-0.02470023	-0.01208353	-0.99962187	-6.79307469	0.34347425	0.93895257	-0.01983726	1.45058387	
0.94109811	-0.33742174	-0.02192988	12.64638635	-0.02650527	-0.00895842	-0.99960853	-6.78154910	0.33709319	0.94131096	-0.01737421	1.44986763	
0.94260558	-0.33312356	-0.02287818	12.63438598	-0.02776908	-0.00992741	-0.99956507	-6.76785909	0.33275156	0.94283092	-0.01860816	1.45001048	
0.94144287	-0.33626085	-0.02477822	12.61982236	-0.02917546	-0.00802993	-0.99954205	-6.75291740	0.33590789	0.94173466	-0.01737028	1.44992654	
0.94312365	-0.33133590	-0.02709812	12.60465320	-0.03150055	-0.00792277	-0.99947233	-6.74090925	0.33094637	0.94347960	-0.01790942	1.44965770	
0.94384963	-0.32922887	-0.02749957	12.59208028	-0.03215594	-0.00870539	-0.99944495	-6.72678280	0.32880673	0.94421002	-0.01880324	1.44980208	
0.94333177	-0.33079571	-0.02644548	12.57773638	-0.03060385	-0.00736774	-0.99950444	-6.71289105	0.33043694	0.94367363	-0.01707385	1.44960948	
0.94373604	-0.32977444	-0.02472067	12.56298707	-0.02874900	-0.00734347	-0.99955969	-6.69962987	0.32944770	0.94403119	-0.01641099	1.44928034	
0.94463944	-0.32727012	-0.02346494	12.54820832	-0.02737567	-0.00734752	-0.99959821	-6.68641262	0.32696621	0.94490226	-0.01590000	1.44876600	
0.94704759	-0.32034133	-0.02196118	12.53294809	-0.02677886	-0.01064115	-0.99958474	-6.67456302	0.31997461	0.94724242	-0.01865605	1.44814383	
0.94831179	-0.31678927	-0.01868973	12.51998753	-0.02455781	-0.01454073	-0.99959266	-6.66049644	0.31638846	0.94838448	-0.02156879	1.44843922	
0.94871776	-0.31568925	-0.01658073	12.50418137	-0.02205437	-0.01377384	-0.99966189	-6.64650348	0.31535413	0.94876266	-0.02002981	1.44854279	
0.95179757	-0.30628982	-0.01636840	12.48849653	-0.02164608	-0.01384209	-0.99966987	-6.63511174	0.30596213	0.95183767	-0.01980484	1.44821830	
0.95351152	-0.30094378	-0.01576773	12.47500016	-0.02099581	-0.01414574	-0.99967949	-6.62156934	0.30062427	0.95353696	-0.01980669	1.44856014	
0.95380409	-0.29997197	-0.01657008	12.45985968	-0.02094194	-0.01136483	-0.99971610	-6.60743596	0.29969849	0.95388032	-0.01712181	1.44842673	
0.95616139	-0.29224139	-0.01871813	12.44380446	-0.02237652	-0.00918046	-0.99970746	-6.59599720	0.29198406	0.95630052	-0.01531734	1.44814853	
0.95770203	-0.28705247	-0.02019163	12.43003092	-0.02383619	-0.00920712	-0.99967348	-6.58313790	0.28677284	0.95787061	-0.01565992	1.44787361	
0.95778272	-0.28659388	-0.02272035	12.41467829	-0.02689733	-0.01064557	-0.99958152	-6.56880657	0.28623208	0.95799302	-0.01790476	1.44753661	
0.95975897	-0.27961556	-0.02603554	12.39958193	-0.03099310	-0.01332252	-0.99943081	-6.55677658	0.27910955	0.96001961	-0.02145256	1.44774173	
0.96033871	-0.27758686	-0.02636467	12.38564122	-0.03113046	-0.01277455	-0.99943369	-6.54305347	0.27709286	0.96061561	-0.02090931	1.44799653	
0.96052167	-0.27696180	-0.02627322	12.36953263	-0.03046871	-0.01085486	-0.99947678	-6.52896753	0.27653170	0.96081962	-0.01886499	1.44774581	
0.96260461	-0.26957557	-0.02685850	12.35431537	-0.03062171	-0.00976342	-0.99948336	-6.51725382	0.26917407	0.96292974	-0.01765318	1.44749504	
0.96366233	-0.26585116	-0.02603983	12.34020864	-0.03026958	-0.01182456	-0.99947183	-6.50403565	0.26540284	0.96394156	-0.01944209	1.44687636	
