0.99972733	-0.02335100	0.00000000	0.02288932	0.97996119	0.19786899	-0.00462044	-0.19781504	0.98022847	
0.99972733	-0.02335100	0.00000000	0.02288932	0.97996119	0.19786899	-0.00462044	-0.19781504	0.98022847	
0.99972917	-0.02327199	0.00000000	0.02280792	0.97979357	0.19870673	-0.00462430	-0.19865291	0.98005900	
0.99978538	-0.02071700	0.00000000	0.02029536	0.97943778	0.20072303	-0.00415838	-0.20067995	0.97964803	
0.99986038	-0.01670999	0.00000000	0.01636656	0.97931058	0.20170008	-0.00337041	-0.20167191	0.97944733	
0.99990527	-0.01376400	0.00000000	0.01347905	0.97920477	0.20242613	-0.00278619	-0.20240695	0.97929754	
0.99993828	-0.01111000	0.00000000	0.01087739	0.97900297	0.20355556	-0.00226150	-0.20354299	0.97906340	
0.99996537	-0.00832200	0.00000000	0.00814418	0.97859884	0.20561609	-0.00171114	-0.20560897	0.97863273	
0.99998416	-0.00562800	0.00000000	0.00550678	0.97844518	0.20643331	-0.00116181	-0.20643004	0.97846067	
0.99999722	-0.00235900	0.00000000	0.00230731	0.97808684	0.20818455	-0.00049111	-0.20818397	0.97808956	
0.99999910	0.00133900	0.00000000	-0.00130894	0.97754792	0.21070917	0.00028214	-0.21070898	0.97754879	
0.99999295	0.00375600	0.00000000	-0.00366997	0.97708812	0.21280353	0.00079929	-0.21280203	0.97709501	
0.99998596	0.00529900	0.00000000	-0.00517581	0.97673836	0.21437209	0.00113596	-0.21436908	0.97675207	
0.99999165	0.00408600	0.00000000	-0.00398810	0.97603125	0.21759387	0.00088909	-0.21759206	0.97603940	
0.99999453	0.00330700	0.00000000	-0.00322606	0.97551976	0.21988815	0.00072717	-0.21988695	0.97552509	
0.99999575	0.00291600	0.00000000	-0.00284293	0.97493700	0.22246295	0.00064870	-0.22246200	0.97494115	
0.99999848	0.00174100	0.00000000	-0.00169664	0.97451861	0.22430025	0.00039051	-0.22429991	0.97452009	
0.99999918	-0.00127700	0.00000000	0.00124414	0.97426894	0.22538517	-0.00028782	-0.22538499	0.97426974	
0.99999340	-0.00363400	0.00000000	0.00353993	0.97410635	0.22606257	-0.00082151	-0.22606108	0.97411278	
0.99995913	-0.00904100	0.00000000	0.00880567	0.97393105	0.22667328	-0.00204935	-0.22666401	0.97397085	
0.99988494	-0.01516900	0.00000000	0.01477297	0.97377989	0.22701209	-0.00344355	-0.22698597	0.97389194	
0.99983660	-0.01807701	0.00000000	0.01760164	0.97354432	0.22781930	-0.00411829	-0.22778208	0.97370343	
0.99982289	-0.01882000	0.00000000	0.01830458	0.97244084	0.23243013	-0.00437433	-0.23238896	0.97261310	
0.99974846	-0.02242800	0.00000000	0.02180183	0.97183612	0.23464705	-0.00526266	-0.23458803	0.97208064	
0.99966939	-0.02571199	0.00000000	0.02498468	0.97139171	0.23616501	-0.00607227	-0.23608693	0.97171297	
0.99961136	-0.02787699	0.00000000	0.02707963	0.97101974	0.23746022	-0.00661968	-0.23736794	0.97139726	
0.99959339	-0.02851400	0.00000000	0.02769171	0.97076703	0.23842095	-0.00679834	-0.23832401	0.97116191	
0.99955260	-0.02990999	0.00000000	0.02905721	0.97105377	0.23708702	-0.00709127	-0.23698094	0.97148842	
0.99955382	-0.02986901	0.00000000	0.02903829	0.97175429	0.23420157	-0.00699537	-0.23409707	0.97218806	
0.99955731	-0.02975201	0.00000000	0.02897555	0.97347119	0.22696752	-0.00675274	-0.22686704	0.97390233	
0.99958176	-0.02891900	0.00000000	0.02821060	0.97509594	0.21998199	-0.00636166	-0.21988999	0.97550393	
0.99957758	-0.02906299	0.00000000	0.02842218	0.97753775	0.20883516	-0.00606937	-0.20874695	0.97795086	
0.99960859	-0.02797601	0.00000000	0.02739692	0.97891730	0.20241129	-0.00566266	-0.20233206	0.97930060	
0.99957639	-0.02910399	0.00000000	0.02857289	0.98133578	0.19016751	-0.00553463	-0.19008696	0.98175166	
0.99958540	-0.02879299	0.00000000	0.02830728	0.98272359	0.18290175	-0.00526629	-0.18282592	0.98313120	
0.99956717	-0.02941900	0.00000000	0.02896216	0.98404512	0.17554600	-0.00516439	-0.17547002	0.98447123	
0.99958106	-0.02894300	0.00000000	0.02852401	0.98511095	0.16953702	-0.00490691	-0.16946599	0.98552382	
0.99952319	-0.03087700	0.00000000	0.03046910	0.98631906	0.16200726	-0.00500230	-0.16193001	0.98678957	
0.99945032	-0.03315201	0.00000000	0.03274723	0.98724728	0.15578968	-0.00516474	-0.15570404	0.98779025	
0.99927157	-0.03816201	0.00000000	0.03772290	0.98777331	0.15126423	-0.00577255	-0.15115405	0.98849336	
0.99912817	-0.04174799	0.00000000	0.04129148	0.98820281	0.14747955	-0.00615698	-0.14735097	0.98906511	
0.99892312	-0.04639602	0.00000000	0.04590366	0.98832241	0.14529853	-0.00674127	-0.14514206	0.98938786	
0.99857031	-0.05345399	0.00000000	0.05292123	0.98861788	0.14083333	-0.00752810	-0.14063198	0.99003332	
0.99841175	-0.05633802	0.00000000	0.05583540	0.98950438	0.13327973	-0.00750872	-0.13306805	0.99107846	
0.99830704	-0.05816400	0.00000000	0.05769037	0.99017795	0.12735560	-0.00740751	-0.12713999	0.99185712	
0.99817933	-0.06031598	0.00000000	0.05989628	0.99123369	0.11776337	-0.00710301	-0.11754896	0.99304169	
0.99814668	-0.06085399	0.00000000	0.06047424	0.99191788	0.11154271	-0.00678782	-0.11133599	0.99375964	
0.99811275	-0.06140797	0.00000000	0.06104816	0.99226449	0.10809395	-0.00663783	-0.10788994	0.99414068	
0.99799993	-0.06321503	0.00000000	0.06289456	0.99294054	0.10056519	-0.00635723	-0.10036405	0.99493047	
0.99811871	-0.06131099	0.00000000	0.06099599	0.99299077	0.10123643	-0.00620691	-0.10104598	0.99486239	
0.99842054	-0.05618201	0.00000000	0.05586992	0.99287424	0.10525828	-0.00591362	-0.10509202	0.99444492	
0.99864291	-0.05208003	0.00000000	0.05180726	0.99341258	0.10221277	-0.00532324	-0.10207406	0.99476256	
0.99881881	-0.04858999	0.00000000	0.04833474	0.99357183	0.10236590	-0.00497396	-0.10224498	0.99474681	
0.99885812	-0.04777501	0.00000000	0.04753046	0.99374517	0.10105141	-0.00482773	-0.10093602	0.99488121	
0.99888739	-0.04715901	0.00000000	0.04694353	0.99432323	0.09548626	-0.00450304	-0.09538002	0.99543075	
0.99901637	-0.04434300	0.00000000	0.04414364	0.99452492	0.09471816	-0.00420009	-0.09462499	0.99550413	
0.99918160	-0.04044898	0.00000000	0.04026588	0.99465860	0.09504174	-0.00384434	-0.09496396	0.99547329	
0.99931000	-0.03714201	0.00000000	0.03697228	0.99474336	0.09549192	-0.00354676	-0.09542603	0.99543020	
0.99929182	-0.03762801	0.00000000	0.03745275	0.99463728	0.09640530	-0.00362754	-0.09633703	0.99534216	
0.99919073	-0.04022299	0.00000000	0.04002590	0.99429475	0.09887299	-0.00397697	-0.09879298	0.99510006	
0.99905038	-0.04357001	0.00000000	0.04332365	0.99340130	0.10619287	-0.00462682	-0.10609203	0.99434555	
0.99908049	-0.04287400	0.00000000	0.04259891	0.99267011	0.11309901	-0.00484901	-0.11299501	0.99358372	
0.99913618	-0.04155600	0.00000000	0.04125924	0.99200107	0.11929606	-0.00495747	-0.11919301	0.99285873	
0.99918960	-0.04025099	0.00000000	0.03994742	0.99165381	0.12258432	-0.00493414	-0.12248498	0.99245810	
0.99922182	-0.03944299	0.00000000	0.03913960	0.99153583	0.12379331	-0.00488278	-0.12369698	0.99230802	
0.99923107	-0.03920800	0.00000000	0.03888711	0.99105301	0.12767818	-0.00500601	-0.12758000	0.99181565	
0.99912105	-0.04191800	0.00000000	0.04158077	0.99108309	0.12659128	-0.00530645	-0.12648001	0.99195496	
0.99903646	-0.04388799	0.00000000	0.04354288	0.99118066	0.12515955	-0.00549300	-0.12503896	0.99213663	
0.99903549	-0.04390999	0.00000000	0.04355693	0.99100271	0.12655603	-0.00555707	-0.12643396	0.99195946	
0.99912118	-0.04191501	0.00000000	0.04154776	0.99036713	0.13208610	-0.00553639	-0.13197002	0.99123825	
0.99913767	-0.04151999	0.00000000	0.04112879	0.98972375	0.13695006	-0.00568617	-0.13683197	0.99057795	
0.99908417	-0.04278799	0.00000000	0.04236997	0.98932369	0.13943966	-0.00596634	-0.13931196	0.99023057	
0.99897070	-0.04536002	0.00000000	0.04490112	0.98886440	0.14188410	-0.00643587	-0.14173806	0.98988328	
0.99899283	-0.04487001	0.00000000	0.04438773	0.98825527	0.14622331	-0.00656104	-0.14607604	0.98925161	
0.99906272	-0.04328601	0.00000000	0.04280087	0.98786532	0.14929898	-0.00646256	-0.14915905	0.98879210	
0.99910394	-0.04232398	0.00000000	0.04184721	0.98784943	0.14967403	-0.00633480	-0.14953991	0.98873540	
0.99915327	-0.04114301	0.00000000	0.04067337	0.98774818	0.15066260	-0.00619871	-0.15053503	0.98858524	
0.99903870	-0.04383702	0.00000000	0.04335254	0.98799750	0.14826160	-0.00649935	-0.14811907	0.98894818	
0.99885984	-0.04773900	0.00000000	0.04724029	0.98842507	0.14416738	-0.00688241	-0.14400301	0.98955332	
0.99878796	-0.04922001	0.00000000	0.04871634	0.98856722	0.14269398	-0.00702340	-0.14252103	0.98976686	
0.99882881	-0.04838401	0.00000000	0.04789865	0.98880916	0.14128750	-0.00683606	-0.14112202	0.98996861	
0.99880334	-0.04890702	0.00000000	0.04848347	0.99015344	0.13132221	-0.00642258	-0.13116506	0.99133974	
0.99902430	-0.04416397	0.00000000	0.04379596	0.99069943	0.12882762	-0.00568954	-0.12870193	0.99166700	
0.99908670	-0.04272900	0.00000000	0.04241671	0.99178493	0.12067921	-0.00515650	-0.12056899	0.99269156	
0.99911559	-0.04204802	0.00000000	0.04178296	0.99281740	0.11210619	-0.00471384	-0.11200704	0.99369623	
0.99908340	-0.04280600	0.00000000	0.04256425	0.99344103	0.10612828	-0.00454293	-0.10603100	0.99435245	
0.99890447	-0.04679599	0.00000000	0.04659624	0.99464075	0.09229609	-0.00431909	-0.09219498	0.99573161	
0.99885094	-0.04792501	0.00000000	0.04774869	0.99517620	0.08569949	-0.00410715	-0.08560102	0.99632103	
0.99887447	-0.04743200	0.00000000	0.04728382	0.99575396	0.07898289	-0.00374632	-0.07889400	0.99687597	
0.99906216	-0.04329901	0.00000000	0.04318724	0.99648324	0.07180536	-0.00310910	-0.07173802	0.99741866	
0.99924299	-0.03890300	0.00000000	0.03880797	0.99680207	0.06985389	-0.00271753	-0.06980101	0.99755723	
0.99944946	-0.03317800	0.00000000	0.03309155	0.99684514	0.07214373	-0.00239358	-0.07210401	0.99739425	
0.99958106	-0.02894299	0.00000000	0.02885965	0.99670267	0.07583474	-0.00219488	-0.07580297	0.99712040	
0.99957260	-0.02923400	0.00000000	0.02915159	0.99675485	0.07503306	-0.00219352	-0.07500099	0.99718105	
0.99960865	-0.02797399	0.00000000	0.02789897	0.99692782	0.07318863	-0.00204738	-0.07315999	0.99731812	
0.99963200	-0.02712698	0.00000000	0.02704558	0.99663241	0.07741044	-0.00209991	-0.07738195	0.99699931	
0.99969082	-0.02486500	0.00000000	0.02479017	0.99668216	0.07752498	-0.00192766	-0.07750101	0.99699041	
0.99964836	-0.02651700	0.00000000	0.02643603	0.99659587	0.07808845	-0.00207067	-0.07806099	0.99694643	
0.99960921	-0.02795400	0.00000000	0.02786275	0.99634612	0.08073456	-0.00225685	-0.08070301	0.99673564	
0.99958453	-0.02882300	0.00000000	0.02873285	0.99645800	0.07903084	-0.00227791	-0.07899800	0.99687217	
0.99962233	-0.02748099	0.00000000	0.02739709	0.99657062	0.07807946	-0.00214570	-0.07804997	0.99694714	
0.99968610	-0.02505400	0.00000000	0.02498712	0.99701720	0.07302294	-0.00182952	-0.07300001	0.99733026	
0.99975428	-0.02216700	0.00000000	0.02211087	0.99722285	0.07111746	-0.00157646	-0.07109999	0.99746795	
0.99983272	-0.01829001	0.00000000	0.01824390	0.99731232	0.07095989	-0.00129786	-0.07094802	0.99747917	
0.99991936	-0.01269900	0.00000000	0.01266682	0.99738514	0.07115075	-0.00090354	-0.07114501	0.99746557	
0.99992956	-0.01186900	0.00000000	0.01184214	0.99766677	0.06723672	-0.00079803	-0.06723198	0.99773705	
0.99992021	-0.01263200	0.00000000	0.01260342	0.99765794	0.06722936	-0.00084924	-0.06722400	0.99773755	
0.99989886	-0.01422200	0.00000000	0.01419134	0.99774366	0.06562161	-0.00093327	-0.06561498	0.99784458	
0.99990739	-0.01360900	0.00000000	0.01358053	0.99781526	0.06465500	-0.00087989	-0.06464902	0.99790768	
0.99989496	-0.01449400	0.00000000	0.01446407	0.99783025	0.06423076	-0.00093096	-0.06422402	0.99793507	
0.99987648	-0.01571700	0.00000000	0.01568570	0.99788521	0.06307981	-0.00099143	-0.06307201	0.99800849	
0.99989375	-0.01457699	0.00000000	0.01454828	0.99792452	0.06272963	-0.00091441	-0.06272297	0.99803056	
0.99989580	-0.01443600	0.00000000	0.01440726	0.99790507	0.06307058	-0.00091049	-0.06306400	0.99800907	
0.99985912	-0.01678499	0.00000000	0.01675431	0.99803149	0.06043548	-0.00101441	-0.06042697	0.99817211	
0.99983172	-0.01834499	0.00000000	0.01831330	0.99810451	0.05875386	-0.00107784	-0.05874397	0.99827250	
0.99976719	-0.02157699	0.00000000	0.02154495	0.99828263	0.05447566	-0.00117542	-0.05446298	0.99851510	
0.99973244	-0.02313100	0.00000000	0.02309927	0.99836098	0.05236201	-0.00121119	-0.05234800	0.99862817	
0.99975468	-0.02214901	0.00000000	0.02211814	0.99836129	0.05277796	-0.00116898	-0.05276502	0.99860627	
0.99979302	-0.02034499	0.00000000	0.02031745	0.99843956	0.05201574	-0.00105826	-0.05200498	0.99864626	
0.99984278	-0.01773200	0.00000000	0.01770543	0.99834417	0.05473061	-0.00097048	-0.05472201	0.99850116	
0.99983578	-0.01812199	0.00000000	0.01809544	0.99837069	0.05411587	-0.00098069	-0.05410698	0.99853466	
0.99982951	-0.01846499	0.00000000	0.01843820	0.99837857	0.05385416	-0.00099442	-0.05384498	0.99854881	
0.99979568	-0.02021401	0.00000000	0.02018495	0.99835846	0.05359998	-0.00108347	-0.05358902	0.99856249	
0.99979243	-0.02037399	0.00000000	0.02034661	0.99844870	0.05182874	-0.00105596	-0.05181798	0.99865599	
0.99980174	-0.01991200	0.00000000	0.01988680	0.99853680	0.05028696	-0.00100131	-0.05027699	0.99873481	
0.99984157	-0.01779999	0.00000000	0.01777681	0.99853961	0.05101606	-0.00090809	-0.05100798	0.99869783	
0.99989394	-0.01456401	0.00000000	0.01454479	0.99857457	0.05135448	-0.00074793	-0.05134903	0.99868049	
0.99990988	-0.01342500	0.00000000	0.01340833	0.99866873	0.04980948	-0.00066869	-0.04980499	0.99875874	
0.99993701	-0.01122401	0.00000000	0.01120946	0.99864155	0.05088623	-0.00057115	-0.05088303	0.99870446	
0.99995435	-0.00955500	0.00000000	0.00954222	0.99861685	0.05170435	-0.00049404	-0.05170199	0.99866244	
0.99995224	-0.00977300	0.00000000	0.00976044	0.99866682	0.05068841	-0.00049538	-0.05068599	0.99871452	
0.99994636	-0.01035700	0.00000000	0.01034366	0.99865809	0.05074473	-0.00052556	-0.05074200	0.99871166	
0.99996062	-0.00887500	0.00000000	0.00886192	0.99848675	0.05427412	-0.00048168	-0.05427199	0.99852607	
0.99995605	-0.00937500	0.00000000	0.00936096	0.99845893	0.05470040	-0.00051282	-0.05469800	0.99850281	
0.99995485	-0.00950200	0.00000000	0.00948791	0.99847210	0.05443746	-0.00051726	-0.05443501	0.99851718	
0.99996567	-0.00828600	0.00000000	0.00827369	0.99848065	0.05447885	-0.00045141	-0.05447698	0.99851492	
0.99997784	-0.00665800	0.00000000	0.00664791	0.99846278	0.05502621	-0.00036636	-0.05502499	0.99848491	
0.99998827	-0.00484300	0.00000000	0.00483482	0.99829914	0.05809869	-0.00028137	-0.05809801	0.99831084	
0.99999530	-0.00306500	0.00000000	0.00305921	0.99810441	0.06146731	-0.00018840	-0.06146703	0.99810910	
0.99999533	-0.00305600	0.00000000	0.00304939	0.99783092	0.06575830	-0.00020096	-0.06575799	0.99783558	
0.99999508	-0.00313600	0.00000000	0.00312882	0.99770486	0.06764032	-0.00021212	-0.06763999	0.99770977	
0.99999745	-0.00225700	0.00000000	0.00225184	0.99771110	0.06758318	-0.00015254	-0.06758301	0.99771364	
0.99999876	-0.00157600	0.00000000	0.00157252	0.99779211	0.06639609	-0.00010464	-0.06639601	0.99779334	
0.99999988	-0.00049300	0.00000000	0.00049188	0.99772111	0.06747102	-0.00003326	-0.06747101	0.99772123	
0.99999996	0.00029400	0.00000000	-0.00029336	0.99781547	0.06606203	0.00001942	-0.06606203	0.99781552	
0.99999965	0.00083900	0.00000000	-0.00083719	0.99783795	0.06571702	0.00005514	-0.06571700	0.99783830	
0.99999995	0.00033000	0.00000000	-0.00032924	0.99770411	0.06772301	0.00002235	-0.06772301	0.99770416	
0.99999999	-0.00016600	0.00000000	0.00016559	0.99750894	0.07054000	-0.00001171	-0.07054000	0.99750895	
0.99999803	-0.00198700	0.00000000	0.00198136	0.99715895	0.07530014	-0.00014962	-0.07530000	0.99716091	
0.99999211	-0.00397300	0.00000000	0.00396095	0.99695834	0.07783564	-0.00030924	-0.07783503	0.99696620	
0.99998453	-0.00556200	0.00000000	0.00554522	0.99696852	0.07760816	-0.00043166	-0.07760696	0.99698394	
0.99996607	-0.00823800	0.00000000	0.00821241	0.99686052	0.07875063	-0.00064875	-0.07874796	0.99689435	
0.99995603	-0.00937800	0.00000000	0.00934737	0.99668994	0.08075755	-0.00075734	-0.08075400	0.99673378	
0.99993799	-0.01113600	0.00000000	0.01110031	0.99673362	0.07999293	-0.00089080	-0.07998797	0.99679543	
0.99990906	-0.01348600	0.00000000	0.01344074	0.99655383	0.08185243	-0.00110386	-0.08184499	0.99664446	
0.99987383	-0.01588501	0.00000000	0.01583138	0.99649840	0.08209939	-0.00130415	-0.08208903	0.99662415	
0.99984034	-0.01786900	0.00000000	0.01781185	0.99664287	0.07991075	-0.00142792	-0.07989799	0.99680202	
0.99985238	-0.01718200	0.00000000	0.01713093	0.99688072	0.07704135	-0.00132372	-0.07702998	0.99702790	
0.99989202	-0.01469501	0.00000000	0.01465638	0.99726349	0.07246186	-0.00106483	-0.07245404	0.99737118	
0.99990104	-0.01406800	0.00000000	0.01403390	0.99747704	0.06958889	-0.00097898	-0.06958200	0.99757575	
0.99988749	-0.01499999	0.00000000	0.01496974	0.99787057	0.06348411	-0.00095226	-0.06347697	0.99798285	
0.99990997	-0.01341799	0.00000000	0.01339083	0.99788558	0.06360070	-0.00085339	-0.06359497	0.99797543	
0.99993798	-0.01113700	0.00000000	0.01111545	0.99800319	0.06217787	-0.00069248	-0.06217401	0.99806508	
0.99996555	-0.00830000	0.00000000	0.00828566	0.99823716	0.05877003	-0.00048779	-0.05876801	0.99827155	
0.99997797	-0.00663800	0.00000000	0.00662798	0.99846891	0.05491721	-0.00036454	-0.05491600	0.99849091	
0.99999798	-0.00200800	0.00000000	0.00200482	0.99841380	0.05626610	-0.00011298	-0.05626599	0.99841581	
0.99999159	0.00410100	0.00000000	-0.00409371	0.99821320	0.05961251	0.00024447	-0.05961201	0.99822159	
0.99998788	0.00492300	0.00000000	-0.00491430	0.99822171	0.05940770	0.00029246	-0.05940698	0.99823380	
0.99998858	0.00478000	0.00000000	-0.00477091	0.99808607	0.06165571	0.00029471	-0.06165500	0.99809748	
0.99997445	0.00714900	0.00000000	-0.00713435	0.99792577	0.06397862	0.00045738	-0.06397699	0.99795127	
0.99993760	0.01117100	0.00000000	-0.01114522	0.99763061	0.06788921	0.00075839	-0.06788497	0.99769287	
0.99992577	0.01218399	0.00000000	-0.01215593	0.99762256	0.06783401	0.00082649	-0.06782897	0.99769662	
0.99990515	0.01377300	0.00000000	-0.01374030	0.99753125	0.06886655	0.00094850	-0.06886002	0.99762588	
0.99989308	0.01462300	0.00000000	-0.01458713	0.99744002	0.07000449	0.00102368	-0.06999700	0.99754668	
0.99990621	0.01369600	0.00000000	-0.01366106	0.99735581	0.07137768	0.00097759	-0.07137099	0.99744936	
0.99992838	0.01196801	0.00000000	-0.01193684	0.99732444	0.07212120	0.00086315	-0.07211603	0.99739588	
0.99994025	0.01093100	0.00000000	-0.01090291	0.99737087	0.07164127	0.00078311	-0.07163699	0.99743046	
0.99994194	0.01077600	0.00000000	-0.01074957	0.99748991	0.06998806	0.00075419	-0.06998399	0.99754783	
0.99993127	0.01172400	0.00000000	-0.01169569	0.99751640	0.06945680	0.00081431	-0.06945203	0.99758496	
0.99991950	0.01268800	0.00000000	-0.01265551	0.99735882	0.07152074	0.00090746	-0.07151499	0.99743911	
0.99992131	0.01254499	0.00000000	-0.01251051	0.99717250	0.07409779	0.00092956	-0.07409196	0.99725098	
0.99990202	0.01399800	0.00000000	-0.01395479	0.99681528	0.07851471	0.00109905	-0.07850702	0.99691295	
0.99991166	0.01329200	0.00000000	-0.01324857	0.99664413	0.08077715	0.00107369	-0.08077001	0.99673219	
0.99993024	0.01181200	0.00000000	-0.01177599	0.99688213	0.07802145	0.00092159	-0.07801601	0.99695168	
0.99994095	0.01086700	0.00000000	-0.01083140	0.99666493	0.08088077	0.00087893	-0.08087599	0.99672378	
0.99993884	0.01106000	0.00000000	-0.01102082	0.99639627	0.08410117	0.00093016	-0.08409602	0.99645722	
0.99995674	0.00930199	0.00000000	-0.00927112	0.99663746	0.08141148	0.00075729	-0.08140796	0.99668058	
0.99997135	0.00757000	0.00000000	-0.00754677	0.99690299	0.07827824	0.00059257	-0.07827600	0.99693155	
0.99997004	0.00774100	0.00000000	-0.00771927	0.99716356	0.07486821	0.00057955	-0.07486597	0.99719344	
0.99993864	0.01107800	0.00000000	-0.01104827	0.99725561	0.07320646	0.00081098	-0.07320197	0.99731681	
0.99990682	0.01365100	0.00000000	-0.01361224	0.99706778	0.07530300	0.00102796	-0.07529598	0.99716070	
0.99989090	0.01477100	0.00000000	-0.01472772	0.99696124	0.07649436	0.00112990	-0.07648602	0.99707001	
0.99991589	0.01297001	0.00000000	-0.01293346	0.99709843	0.07501634	0.00097296	-0.07501003	0.99718230	
0.99992953	0.01187201	0.00000000	-0.01183987	0.99722248	0.07353322	0.00087299	-0.07352804	0.99729277	
0.99992127	0.01254799	0.00000000	-0.01251622	0.99738955	0.07111557	0.00089236	-0.07110997	0.99746808	
0.99989769	0.01430400	0.00000000	-0.01426971	0.99750102	0.06919608	0.00098978	-0.06918900	0.99760308	
0.99988098	0.01542800	0.00000000	-0.01539414	0.99768683	0.06621187	0.00102152	-0.06620399	0.99780559	
0.99983618	0.01810000	0.00000000	-0.01806033	0.99764492	0.06616983	0.00119767	-0.06615899	0.99780837	
0.99980564	0.01971501	0.00000000	-0.01966466	0.99725226	0.07142290	0.00140810	-0.07140902	0.99744612	
0.99986856	0.01621299	0.00000000	-0.01617153	0.99731162	0.07147037	0.00115875	-0.07146097	0.99744272	
0.99989065	0.01478799	0.00000000	-0.01475128	0.99740852	0.07041767	0.00104134	-0.07040997	0.99751759	
0.99988353	0.01526200	0.00000000	-0.01522668	0.99756988	0.06798891	0.00103765	-0.06798099	0.99768608	
0.99980210	0.01989399	0.00000000	-0.01984604	0.99739241	0.06938669	0.00138038	-0.06937296	0.99758984	
0.99974000	0.02280201	0.00000000	-0.02275024	0.99747037	0.06734453	0.00153559	-0.06732703	0.99772978	
0.99960764	0.02801001	0.00000000	-0.02794245	0.99719644	0.06941527	0.00194432	-0.06938803	0.99758785	
0.99946995	0.03255499	0.00000000	-0.03247095	0.99688978	0.07180805	0.00233771	-0.07176998	0.99741847	
0.99949212	0.03186701	0.00000000	-0.03178747	0.99699739	0.07060989	0.00225013	-0.07057403	0.99750401	
0.99953797	0.03039499	0.00000000	-0.03032404	0.99720473	0.06828753	0.00207560	-0.06825598	0.99766568	
0.99954036	0.03031600	0.00000000	-0.03025385	0.99749111	0.06400142	0.00194027	-0.06397201	0.99794981	
0.99959368	0.02850399	0.00000000	-0.02845351	0.99782353	0.05948614	0.00169559	-0.05946197	0.99822913	
0.99956961	0.02933601	0.00000000	-0.02928417	0.99780328	0.05942259	0.00174322	-0.05939702	0.99823292	
0.99961692	0.02767699	0.00000000	-0.02763283	0.99802173	0.05647162	0.00156296	-0.05644999	0.99840420	
0.99969196	0.02481901	0.00000000	-0.02478267	0.99822822	0.05409468	0.00134258	-0.05407801	0.99853581	
0.99964879	0.02650102	0.00000000	-0.02646761	0.99838858	0.05019666	0.00133026	-0.05017903	0.99873935	
0.99956493	0.02949500	0.00000000	-0.02946670	0.99860597	0.04379305	0.00129168	-0.04377400	0.99904062	
0.99942733	0.03383800	0.00000000	-0.03380624	0.99848912	0.04331981	0.00146586	-0.04329501	0.99906126	
0.99916292	0.04090799	0.00000000	-0.04086696	0.99816079	0.04477647	0.00183172	-0.04473899	0.99899703	
0.99903966	0.04381498	0.00000000	-0.04376827	0.99797455	0.04616431	0.00202269	-0.04611998	0.99893386	
0.99895736	0.04565299	0.00000000	-0.04560759	0.99796383	0.04458848	0.00203560	-0.04454199	0.99900544	
0.99859918	0.05291202	0.00000000	-0.05286870	0.99778146	0.04046070	0.00214086	-0.04040402	0.99918113	
0.99844141	0.05581000	0.00000000	-0.05576101	0.99756499	0.04189029	0.00233790	-0.04182500	0.99912222	
0.99844090	0.05581901	0.00000000	-0.05576386	0.99745426	0.04444531	0.00248089	-0.04437601	0.99901182	
0.99841497	0.05628102	0.00000000	-0.05621791	0.99729534	0.04734506	0.00266463	-0.04727002	0.99887859	
0.99832905	0.05778500	0.00000000	-0.05770414	0.99693203	0.05288437	0.00305592	-0.05279600	0.99860064	
0.99837526	0.05698101	0.00000000	-0.05689426	0.99685523	0.05516063	0.00314311	-0.05507101	0.99847749	
0.99851879	0.05440798	0.00000000	-0.05430864	0.99669566	0.06040145	0.00328632	-0.06031198	0.99817417	
0.99862812	0.05236299	0.00000000	-0.05225627	0.99659282	0.06381253	0.00334141	-0.06372499	0.99796190	
0.99846258	0.05542999	0.00000000	-0.05532114	0.99650183	0.06263929	0.00347210	-0.06254299	0.99803623	
0.99837229	0.05703299	0.00000000	-0.05691722	0.99634580	0.06368264	0.00363201	-0.06357899	0.99797020	
0.99825905	0.05898199	0.00000000	-0.05884154	0.99588185	0.06897107	0.00406805	-0.06885099	0.99761866	
0.99829496	0.05837100	0.00000000	-0.05823704	0.99600395	0.06770944	0.00395227	-0.06759400	0.99770508	
0.99830057	0.05827499	0.00000000	-0.05816999	0.99650183	0.06000296	0.00349667	-0.05990099	0.99819820	
0.99804884	0.06243802	0.00000000	-0.06234716	0.99659639	0.05393025	0.00336730	-0.05382502	0.99854471	
0.99765290	0.06847399	0.00000000	-0.06837749	0.99624692	0.05307156	0.00363402	-0.05294700	0.99859071	
0.99768102	0.06806301	0.00000000	-0.06798484	0.99653519	0.04791312	0.00326111	-0.04780201	0.99885151	
0.99767980	0.06808099	0.00000000	-0.06800108	0.99650884	0.04843537	0.00329753	-0.04832299	0.99882632	
0.99774652	0.06709602	0.00000000	-0.06702332	0.99666535	0.04654090	0.00312271	-0.04643602	0.99891639	
0.99751602	0.07044003	0.00000000	-0.07037106	0.99653938	0.04423991	0.00311626	-0.04413002	0.99902094	
0.99723623	0.07429599	0.00000000	-0.07421900	0.99620285	0.04551278	0.00338142	-0.04538699	0.99896376	
0.99701214	0.07724497	0.00000000	-0.07715289	0.99582365	0.04881283	0.00377055	-0.04866698	0.99880794	
0.99679607	0.07998501	0.00000000	-0.07986378	0.99528516	0.05503835	0.00440224	-0.05486201	0.99848424	
0.99662427	0.08209795	0.00000000	-0.08194490	0.99476637	0.06103199	0.00501060	-0.06082596	0.99813581	
0.99657847	0.08265204	0.00000000	-0.08246303	0.99429945	0.06759029	0.00558648	-0.06735903	0.99771316	
0.99671597	0.08097704	0.00000000	-0.08080719	0.99462544	0.06473362	0.00524194	-0.06452103	0.99790258	
0.99705591	0.07667800	0.00000000	-0.07653096	0.99514396	0.06189923	0.00474631	-0.06171700	0.99808240	
0.99732806	0.07305299	0.00000000	-0.07290369	0.99528985	0.06389973	0.00466807	-0.06372899	0.99795632	
0.99764142	0.06864101	0.00000000	-0.06850304	0.99563611	0.06337248	0.00434995	-0.06322301	0.99798994	
0.99782967	0.06584799	0.00000000	-0.06569853	0.99556487	0.06733714	0.00443402	-0.06719099	0.99773028	
0.99809901	0.06163097	0.00000000	-0.06148385	0.99571645	0.06905423	0.00425588	-0.06892296	0.99761291	
0.99823414	0.05940199	0.00000000	-0.05926517	0.99593491	0.06783278	0.00402940	-0.06771299	0.99769670	
0.99834113	0.05757597	0.00000000	-0.05744006	0.99598448	0.06866988	0.00395373	-0.06855596	0.99763944	
0.99845039	0.05564900	0.00000000	-0.05552553	0.99623504	0.06657817	0.00370501	-0.06647500	0.99778121	
0.99863628	0.05220701	0.00000000	-0.05209534	0.99650022	0.06537116	0.00341283	-0.06528201	0.99786102	
0.99880250	0.04892402	0.00000000	-0.04880881	0.99645038	0.06858816	0.00335561	-0.06850603	0.99764506	
0.99896365	0.04551502	0.00000000	-0.04540015	0.99644247	0.07100162	0.00323164	-0.07092803	0.99747620	
0.99905051	0.04356699	0.00000000	-0.04345990	0.99659474	0.07007252	0.00305285	-0.07000598	0.99754190	
0.99910847	0.04221700	0.00000000	-0.04212089	0.99683395	0.06743812	0.00284703	-0.06737800	0.99772346	
0.99905795	0.04339599	0.00000000	-0.04331948	0.99729667	0.05935289	0.00257568	-0.05929698	0.99823706	
0.99890526	0.04677899	0.00000000	-0.04669561	0.99712482	0.05967932	0.00279174	-0.05961399	0.99821760	
0.99870126	0.05094901	0.00000000	-0.05084173	0.99659828	0.06486126	0.00330462	-0.06477702	0.99789429	
0.99862045	0.05250897	0.00000000	-0.05240092	0.99656546	0.06412042	0.00336690	-0.06403197	0.99794217	
0.99864443	0.05205098	0.00000000	-0.05194451	0.99660167	0.06392864	0.00332755	-0.06384198	0.99795447	
0.99863534	0.05222502	0.00000000	-0.05212257	0.99667631	0.06260646	0.00326962	-0.06252102	0.99803829	
0.99848603	0.05500597	0.00000000	-0.05489923	0.99654848	0.06226724	0.00342507	-0.06217297	0.99805951	
0.99833553	0.05767299	0.00000000	-0.05755471	0.99628791	0.06401454	0.00369191	-0.06390799	0.99794897	
0.99822801	0.05950503	0.00000000	-0.05938995	0.99629749	0.06216218	0.00369896	-0.06205203	0.99806606	
0.99825035	0.05912902	0.00000000	-0.05902956	0.99657130	0.05797545	0.00342803	-0.05787402	0.99831801	
0.99822031	0.05963400	0.00000000	-0.05953105	0.99649702	0.05873453	0.00350258	-0.05863000	0.99827364	
0.99837046	0.05706501	0.00000000	-0.05698113	0.99690310	0.05419732	0.00309277	-0.05410901	0.99853025	
0.99841215	0.05633100	0.00000000	-0.05624472	0.99688299	0.05532485	0.00311650	-0.05523700	0.99846841	
0.99846091	0.05546000	0.00000000	-0.05537813	0.99698700	0.05431560	0.00301234	-0.05423200	0.99852382	
0.99839138	0.05669798	0.00000000	-0.05662501	0.99710658	0.05071556	0.00287547	-0.05063398	0.99871314	
0.99818483	0.06022499	0.00000000	-0.06013938	0.99676586	0.05330174	0.00321010	-0.05320499	0.99857845	
0.99807727	0.06198199	0.00000000	-0.06189551	0.99668477	0.05280552	0.00327299	-0.05270399	0.99860482	
0.99800442	0.06314402	0.00000000	-0.06305766	0.99663939	0.05228436	0.00330144	-0.05218002	0.99863224	
0.99773130	0.06732200	0.00000000	-0.06722751	0.99633095	0.05296315	0.00356559	-0.05284300	0.99859647	
0.99767918	0.06808999	0.00000000	-0.06798576	0.99615189	0.05531136	0.00376615	-0.05518299	0.99846915	
0.99777962	0.06660199	0.00000000	-0.06649133	0.99612179	0.05762193	0.00383773	-0.05749399	0.99833848	
0.99783903	0.06570600	0.00000000	-0.06560018	0.99623197	0.05673159	0.00372761	-0.05660900	0.99838947	
0.99783448	0.06577498	0.00000000	-0.06567710	0.99634967	0.05453307	0.00358691	-0.05441498	0.99851196	
0.99766182	0.06834397	0.00000000	-0.06824011	0.99614561	0.05511084	0.00376649	-0.05498198	0.99848024	
0.99757603	0.06958497	0.00000000	-0.06948525	0.99614651	0.05351569	0.00372389	-0.05338597	0.99856701	
0.99744698	0.07141100	0.00000000	-0.07129130	0.99577499	0.05787676	0.00413304	-0.05772900	0.99832374	
0.99765736	0.06840903	0.00000000	-0.06827616	0.99571950	0.06229797	0.00426174	-0.06215203	0.99805759	
0.99781101	0.06613002	0.00000000	-0.06599570	0.99578427	0.06370447	0.00421278	-0.06356502	0.99796881	
0.99796635	0.06374297	0.00000000	-0.06360809	0.99585460	0.06502020	0.00414458	-0.06488797	0.99788395	
0.99812522	0.06120501	0.00000000	-0.06108585	0.99618209	0.06236793	0.00381723	-0.06225101	0.99805323	
0.99817927	0.06031702	0.00000000	-0.06021828	0.99654527	0.05719515	0.00344984	-0.05709102	0.99836302	
0.99810456	0.06154100	0.00000000	-0.06143664	0.99641199	0.05821234	0.00358245	-0.05810200	0.99830422	
0.99807037	0.06209300	0.00000000	-0.06197937	0.99624393	0.06046968	0.00375474	-0.06035300	0.99817003	
0.99820732	0.05985097	0.00000000	-0.05973699	0.99630643	0.06168455	0.00369188	-0.06157396	0.99809570	
0.99835333	0.05736399	0.00000000	-0.05725411	0.99644090	0.06186687	0.00354893	-0.06176499	0.99808441	
0.99834257	0.05755102	0.00000000	-0.05744648	0.99652927	0.06024387	0.00346710	-0.06014402	0.99818369	
0.99826937	0.05880699	0.00000000	-0.05869991	0.99645177	0.06031737	0.00354708	-0.06021299	0.99817925	
0.99823515	0.05938498	0.00000000	-0.05927086	0.99631672	0.06196735	0.00367993	-0.06185798	0.99807818	
0.99811195	0.06142102	0.00000000	-0.06131207	0.99634137	0.05953743	0.00365685	-0.05942502	0.99822607	
0.99803625	0.06263897	0.00000000	-0.06253204	0.99633254	0.05840567	0.00365847	-0.05829097	0.99829293	
0.99794817	0.06402699	0.00000000	-0.06391598	0.99621787	0.05886177	0.00376874	-0.05874099	0.99826614	
0.99796852	0.06370900	0.00000000	-0.06359215	0.99613808	0.06053899	0.00385688	-0.06041600	0.99816583	
0.99790787	0.06465202	0.00000000	-0.06453414	0.99608834	0.06036030	0.00390242	-0.06023402	0.99817665	
0.99792120	0.06444599	0.00000000	-0.06432695	0.99607785	0.06075328	0.00391531	-0.06062699	0.99815281	
0.99782339	0.06594298	0.00000000	-0.06583541	0.99619568	0.05709526	0.00376503	-0.05697098	0.99836874	
0.99768253	0.06804099	0.00000000	-0.06792822	0.99602891	0.05755137	0.00391585	-0.05741800	0.99834255	
0.99756506	0.06974203	0.00000000	-0.06962048	0.99582642	0.05901472	0.00411581	-0.05887102	0.99825711	
0.99736281	0.07257697	0.00000000	-0.07244627	0.99556665	0.05998818	0.00435376	-0.05982998	0.99819909	
0.99713360	0.07566101	0.00000000	-0.07549822	0.99498814	0.06556394	0.00496063	-0.06537601	0.99784837	
0.99698652	0.07757497	0.00000000	-0.07738753	0.99457761	0.06947333	0.00538939	-0.06926397	0.99758381	
0.99718887	0.07492902	0.00000000	-0.07474270	0.99470925	0.07047714	0.00528078	-0.07027902	0.99751339	
0.99717458	0.07511899	0.00000000	-0.07491343	0.99444583	0.07392887	0.00555346	-0.07371999	0.99726352	
0.99708200	0.07633798	0.00000000	-0.07607758	0.99368080	0.08252680	0.00629993	-0.08228598	0.99658885	
0.99733436	0.07296698	0.00000000	-0.07268337	0.99345779	0.08808378	0.00642721	-0.08784898	0.99611307	
0.99756562	0.06973397	0.00000000	-0.06947476	0.99385757	0.08614166	0.00600700	-0.08593196	0.99628290	
0.99763213	0.06877597	0.00000000	-0.06850817	0.99374753	0.08816171	0.00606341	-0.08795296	0.99610618	
0.99755134	0.06993799	0.00000000	-0.06965065	0.99345288	0.09055473	0.00633322	-0.09033299	0.99589148	
0.99761880	0.06896898	0.00000000	-0.06868982	0.99358077	0.08988301	0.00619914	-0.08966898	0.99595233	
0.99773022	0.06733803	0.00000000	-0.06707644	0.99385439	0.08805791	0.00592965	-0.08785803	0.99611536	
0.99768191	0.06805000	0.00000000	-0.06775869	0.99341100	0.09243026	0.00628988	-0.09221600	0.99571916	
0.99774080	0.06718101	0.00000000	-0.06688362	0.99332410	0.09398835	0.00631423	-0.09377601	0.99557330	
0.99794168	0.06412798	0.00000000	-0.06386008	0.99377271	0.09131092	0.00585559	-0.09112297	0.99582243	
0.99785231	0.06550402	0.00000000	-0.06524400	0.99389128	0.08901320	0.00583072	-0.08882202	0.99603045	
0.99757945	0.06953597	0.00000000	-0.06931661	0.99443254	0.07936708	0.00551887	-0.07917496	0.99684546	
0.99718767	0.07494500	0.00000000	-0.07477585	0.99493699	0.06714884	0.00503247	-0.06696000	0.99774297	
0.99662772	0.08205597	0.00000000	-0.08194638	0.99529664	0.05166621	0.00423952	-0.05149198	0.99866441	
0.99622497	0.08680902	0.00000000	-0.08672259	0.99523319	0.04461041	0.00387259	-0.04444201	0.99900446	
0.99597180	0.08966698	0.00000000	-0.08956651	0.99485583	0.04732563	0.00424355	-0.04713499	0.99887951	
0.99605919	0.08869103	0.00000000	-0.08857743	0.99478336	0.05059741	0.00448754	-0.05039802	0.99871913	
0.99622061	0.08685901	0.00000000	-0.08674607	0.99492517	0.05098068	0.00442813	-0.05078801	0.99869964	
0.99648301	0.08379501	0.00000000	-0.08369554	0.99530014	0.04871032	0.00408168	-0.04853901	0.99881295	
0.99639834	0.08479598	0.00000000	-0.08468180	0.99505673	0.05187583	0.00439886	-0.05168899	0.99865354	
0.99620953	0.08698600	0.00000000	-0.08685227	0.99467799	0.05542910	0.00482156	-0.05521900	0.99846263	
0.99608958	0.08834903	0.00000000	-0.08821835	0.99461630	0.05436862	0.00480341	-0.05415602	0.99852093	
0.99584349	0.09108097	0.00000000	-0.09094901	0.99440067	0.05381065	0.00490113	-0.05358698	0.99855116	
0.99541205	0.09568102	0.00000000	-0.09551714	0.99370717	0.05850242	0.00559757	-0.05823401	0.99828727	
0.99455458	0.10421700	0.00000000	-0.10400559	0.99253704	0.06366368	0.00663484	-0.06331700	0.99797141	
0.99415198	0.10798997	0.00000000	-0.10777585	0.99218076	0.06294207	0.00679711	-0.06257398	0.99801718	
0.99377038	0.11144699	0.00000000	-0.11120527	0.99161494	0.06582707	0.00733623	-0.06541700	0.99783105	
0.99366881	0.11234898	0.00000000	-0.11205638	0.99108086	0.07212563	0.00810324	-0.07166899	0.99739556	
0.99391675	0.11013399	0.00000000	-0.10978009	0.99072295	0.08010228	0.00882198	-0.07961500	0.99678665	
0.99425590	0.10702901	0.00000000	-0.10666250	0.99085114	0.08268697	0.00884991	-0.08221201	0.99657557	
0.99395756	0.10976503	0.00000000	-0.10944100	0.99102331	0.07678197	0.00842798	-0.07631802	0.99704791	
0.99341887	0.11453800	0.00000000	-0.11420366	0.99051904	0.07635148	0.00874515	-0.07584900	0.99708097	
0.99299933	0.11811997	0.00000000	-0.11772069	0.98964272	0.08215310	0.00970392	-0.08157798	0.99661972	
0.99315545	0.11680001	0.00000000	-0.11636295	0.98943912	0.08642857	0.01009486	-0.08583701	0.99625805	
0.99326403	0.11587304	0.00000000	-0.11546617	0.98977633	0.08372802	0.00970182	-0.08316403	0.99648864	
0.99336931	0.11496697	0.00000000	-0.11460986	0.99028374	0.07875719	0.00905448	-0.07823498	0.99689383	
0.99343592	0.11439000	0.00000000	-0.11404169	0.99041100	0.07797785	0.00891989	-0.07746600	0.99695509	
0.99346387	0.11414703	0.00000000	-0.11380365	0.99047529	0.07750762	0.00884727	-0.07700102	0.99699176	
0.99328199	0.11571901	0.00000000	-0.11537335	0.99031506	0.07723386	0.00893743	-0.07671500	0.99701300	
0.99303343	0.11783294	0.00000000	-0.11740626	0.98943754	0.08502429	0.01001866	-0.08443196	0.99637888	
0.99269097	0.12068403	0.00000000	-0.12015657	0.98835227	0.09339264	0.01127100	-0.09271003	0.99562936	
0.99274763	0.12021704	0.00000000	-0.11968855	0.98838335	0.09366432	0.01126005	-0.09298503	0.99560383	
0.99258078	0.12158701	0.00000000	-0.12111263	0.98870810	0.08824975	0.01073002	-0.08759501	0.99609838	
0.99212647	0.12524000	0.00000000	-0.12479409	0.98859401	0.08431082	0.01055909	-0.08364700	0.99643950	
0.99184281	0.12746699	0.00000000	-0.12698802	0.98811589	0.08660847	0.01103972	-0.08590199	0.99624243	
0.99130981	0.13154796	0.00000000	-0.13102418	0.98736274	0.08914870	0.01172733	-0.08837398	0.99601833	
0.99090681	0.13454996	0.00000000	-0.13397232	0.98665271	0.09256266	0.01245430	-0.09172097	0.99570686	
0.99071543	0.13595195	0.00000000	-0.13531704	0.98608865	0.09653223	0.01312374	-0.09563597	0.99532986	
0.99090816	0.13454005	0.00000000	-0.13398708	0.98683539	0.09057251	0.01218563	-0.08974904	0.99588986	
0.99089023	0.13467201	0.00000000	-0.13419901	0.98741005	0.08373784	0.01127714	-0.08297500	0.99648782	
0.99094018	0.13430402	0.00000000	-0.13382775	0.98742613	0.08414132	0.01130052	-0.08337901	0.99645383	
0.99056330	0.13705603	0.00000000	-0.13653412	0.98679121	0.08718677	0.01194947	-0.08636402	0.99619198	
0.99041005	0.13815906	0.00000000	-0.13762651	0.98659243	0.08771724	0.01211893	-0.08687604	0.99614541	
0.99056315	0.13705708	0.00000000	-0.13649026	0.98646655	0.09085241	0.01245197	-0.08999505	0.99586437	
0.99097931	0.13401496	0.00000000	-0.13347206	0.98696474	0.08992113	0.01205078	-0.08910998	0.99594889	
0.99126835	0.13185997	0.00000000	-0.13130813	0.98711980	0.09139299	0.01205108	-0.09059498	0.99581490	
0.99146816	0.13034906	0.00000000	-0.12974631	0.98688349	0.09605659	0.01252089	-0.09523705	0.99537587	
0.99159418	0.12938697	0.00000000	-0.12876359	0.98681675	0.09804412	0.01268563	-0.09721997	0.99518207	
0.99150246	0.13008795	0.00000000	-0.12948786	0.98692866	0.09594123	0.01248080	-0.09512597	0.99538700	
0.99146607	0.13036502	0.00000000	-0.12979096	0.98710017	0.09374200	0.01222068	-0.09294202	0.99559652	
0.99107936	0.13327303	0.00000000	-0.13263266	0.98631725	0.09791247	0.01304909	-0.09703903	0.99519503	
0.99087664	0.13477194	0.00000000	-0.13404753	0.98555060	0.10354362	0.01395478	-0.10259896	0.99462491	
0.99121720	0.13224394	0.00000000	-0.13154341	0.98596652	0.10279276	0.01359372	-0.10188995	0.99470279	
0.99164759	0.12897696	0.00000000	-0.12843981	0.98751768	0.09117046	0.01175889	-0.09040897	0.99583530	
0.99171792	0.12843505	0.00000000	-0.12793469	0.98785436	0.08818438	0.01132597	-0.08745403	0.99610417	
0.99175479	0.12815007	0.00000000	-0.12762283	0.98767451	0.09061720	0.01161260	-0.08987005	0.99588580	
0.99161425	0.12923301	0.00000000	-0.12869839	0.98751207	0.09086599	0.01174288	-0.09010401	0.99586313	
0.99151805	0.12996904	0.00000000	-0.12949731	0.98791929	0.08512303	0.01106336	-0.08440102	0.99637045	
0.99092227	0.13443606	0.00000000	-0.13402907	0.98792242	0.07775285	0.01045279	-0.07704703	0.99697266	
0.99103426	0.13360801	0.00000000	-0.13320071	0.98801311	0.07802355	0.01042457	-0.07732401	0.99695152	
0.99153614	0.12983095	0.00000000	-0.12935517	0.98790259	0.08553189	0.01110469	-0.08480797	0.99633543	
0.99263214	0.12116696	0.00000000	-0.12060003	0.98798768	0.09662287	0.01170750	-0.09591097	0.99532106	
0.99316121	0.11675104	0.00000000	-0.11616682	0.98819138	0.09991534	0.01166522	-0.09923204	0.99499594	
0.99345974	0.11418297	0.00000000	-0.11364024	0.98873772	0.09738389	0.01111958	-0.09674697	0.99524689	
0.99348442	0.11396798	0.00000000	-0.11336875	0.98826083	0.10241125	0.01167160	-0.10174398	0.99474215	
0.99374209	0.11169900	0.00000000	-0.11112427	0.98862899	0.10131200	0.01131645	-0.10067800	0.99485470	
0.99374557	0.11166802	0.00000000	-0.11102702	0.98804122	0.10699321	0.01194772	-0.10632402	0.99425975	
0.99401684	0.10922697	0.00000000	-0.10848435	0.98725870	0.11641047	0.01271516	-0.11571397	0.99320119	
0.99423554	0.10721798	0.00000000	-0.10653300	0.98788377	0.11285553	0.01210014	-0.11220497	0.99361141	
0.99439711	0.10570901	0.00000000	-0.10512317	0.98888611	0.10513507	0.01111372	-0.10454601	0.99445795	
0.99432780	0.10635897	0.00000000	-0.10573664	0.98850974	0.10801968	0.01148886	-0.10740697	0.99414876	
