0.96001398	-0.27594536	-0.04719438	-8.08650933	-0.12968557	-0.28895290	-0.94851878	-3.10252550	0.24810240	0.91671172	-0.31318496	4.83205906	
0.95939335	-0.27774418	-0.04921961	-8.08656536	-0.13157183	-0.28629412	-0.94906508	-3.10247688	0.24950602	0.91700264	-0.31121199	4.83194996	
0.95941520	-0.27769014	-0.04909841	-8.08645993	-0.13194409	-0.28817012	-0.94844543	-3.10260430	0.24922525	0.91643121	-0.31311437	4.83188213	
0.95870847	-0.28070641	-0.04562872	-8.08638652	-0.13020700	-0.29061427	-0.94793960	-3.10246703	0.25283236	0.91473890	-0.31516430	4.83192426	
0.95835731	-0.28248686	-0.04186217	-8.08651554	-0.12753839	-0.29222634	-0.94780680	-3.10244430	0.25550974	0.91367661	-0.31608517	4.83191560	
0.95846162	-0.28260325	-0.03855803	-8.08655226	-0.12478538	-0.29391908	-0.94764982	-3.10233886	0.25647597	0.91309746	-0.31697491	4.83188061	
0.95869884	-0.28212886	-0.03605322	-8.08656773	-0.12275566	-0.29608688	-0.94723999	-3.10225734	0.25656885	0.91254362	-0.31849107	4.83183691	
0.95884334	-0.28196155	-0.03342355	-8.08652538	-0.12079916	-0.29856902	-0.94671226	-3.10219499	0.25695722	0.91178628	-0.32034163	4.83186165	
0.95849682	-0.28348478	-0.03033516	-8.08643959	-0.11870948	-0.30008860	-0.94649611	-3.10220089	0.25921401	0.91081459	-0.32128630	4.83181066	
0.95775426	-0.28640105	-0.02609994	-8.08648315	-0.11639424	-0.30303878	-0.94584347	-3.10197457	0.26298127	0.90892350	-0.32357212	4.83175870	
0.95796438	-0.28593487	-0.02335574	-8.08655164	-0.11430974	-0.30576310	-0.94522072	-3.10199232	0.26313025	0.90815757	-0.32559530	4.83177672	
0.95738000	-0.28810020	-0.02053818	-8.08627271	-0.11310044	-0.30851193	-0.94447270	-3.10194849	0.26576650	0.90654215	-0.32794741	4.83179092	
0.95556260	-0.29418050	-0.01891953	-8.08630218	-0.11421581	-0.31030276	-0.94375153	-3.10173341	0.27176251	0.90397457	-0.33011378	4.83169614	
0.95438843	-0.29790211	-0.01992615	-8.08621085	-0.11711537	-0.31214076	-0.94278955	-3.10171493	0.27463924	0.90212110	-0.33279245	4.83172481	
0.95243875	-0.30407201	-0.02001599	-8.08596786	-0.12006451	-0.31408208	-0.94177331	-3.10161653	0.28008024	0.89938460	-0.33565220	4.83167958	
0.94982264	-0.31218384	-0.01944725	-8.08587979	-0.12314068	-0.31605573	-0.94071523	-3.10146355	0.28752968	0.89590738	-0.33863942	4.83170520	
0.94755171	-0.31896956	-0.02010400	-8.08588527	-0.12640913	-0.31625947	-0.94021310	-3.10137603	0.29354128	0.89344186	-0.33999287	4.83171270	
0.94540759	-0.32509497	-0.02275394	-8.08574856	-0.13119854	-0.31576525	-0.93972296	-3.10139844	0.29831431	0.89140651	-0.34117885	4.83173821	
0.94243437	-0.33351159	-0.02423805	-8.08557577	-0.13556917	-0.31481760	-0.93942050	-3.10125762	0.30567706	0.88862810	-0.34190882	4.83172589	
0.93965942	-0.34089989	-0.02876523	-8.08562067	-0.14235116	-0.31314697	-0.93897557	-3.10102145	0.31108892	0.88641200	-0.34277900	4.83166376	
0.93779145	-0.34546349	-0.03467242	-8.08536665	-0.14922236	-0.31086827	-0.93866587	-3.10106391	0.31349623	0.88544672	-0.34308048	4.83167789	
0.93464578	-0.35381933	-0.03534332	-8.08503841	-0.15316619	-0.31090283	-0.93801895	-3.10099233	0.32090090	0.88212885	-0.34477718	4.83151887	
0.93134494	-0.36242035	-0.03532848	-8.08502708	-0.15761135	-0.31375548	-0.93633122	-3.10058206	0.32826098	0.87761551	-0.34933614	4.83150651	
0.92996702	-0.36555492	-0.03912723	-8.08489690	-0.16286339	-0.31421477	-0.93527782	-3.10046982	0.32960105	0.87614992	-0.35174489	4.83152905	
0.92755560	-0.37134117	-0.04178923	-8.08438887	-0.16766247	-0.31361669	-0.93463034	-3.10028239	0.33396092	0.87392809	-0.35315690	4.83153575	
0.92413934	-0.37976281	-0.04179347	-8.08420014	-0.17113767	-0.31367135	-0.93398190	-3.09999932	0.34158218	0.87028185	-0.35486776	4.83143850	
0.92164293	-0.38574263	-0.04215356	-8.08391201	-0.17374507	-0.31309044	-0.93369536	-3.09965819	0.34696823	0.86785771	-0.35557847	4.83158498	
0.91947313	-0.39083814	-0.04259942	-8.08358730	-0.17552777	-0.31113797	-0.93401454	-3.09940029	0.35179421	0.86627866	-0.35468595	4.83155043	
0.91760672	-0.39528466	-0.04180854	-8.08324553	-0.17525770	-0.30793344	-0.93512659	-3.09892486	0.35676695	0.86540571	-0.35183847	4.83177376	
0.91741467	-0.39578042	-0.04133008	-8.08307313	-0.17191877	-0.30053809	-0.93814753	-3.09872248	0.35887916	0.86777573	-0.34376013	4.83184017	
0.91778391	-0.39493189	-0.04124921	-8.08264800	-0.16852550	-0.29334951	-0.94103412	-3.09837949	0.35954395	0.87061752	-0.33578755	4.83193002	
0.91885612	-0.39239570	-0.04158190	-8.08246684	-0.16449153	-0.28511887	-0.94427208	-3.09811596	0.35867252	0.87449005	-0.32652898	4.83192010	
0.92179875	-0.38552288	-0.04073296	-8.08210837	-0.15915591	-0.28053767	-0.94655587	-3.09767930	0.35349181	0.87901691	-0.31995752	4.83194424	
0.92530329	-0.37662902	-0.04432154	-8.08181332	-0.15555361	-0.27035594	-0.95011091	-3.09743097	0.34585675	0.88603513	-0.30874725	4.83202376	
0.92941968	-0.36621875	-0.04541892	-8.08118282	-0.15067397	-0.26424843	-0.95261226	-3.09726266	0.33686260	0.89222004	-0.30077732	4.83197660	
0.93155700	-0.36056303	-0.04685992	-8.08066981	-0.14752096	-0.25701223	-0.95508234	-3.09701140	0.33232382	0.89662646	-0.29261214	4.83185027	
0.93466580	-0.35228519	-0.04790594	-8.08033615	-0.14464559	-0.25370873	-0.95640448	-3.09659888	0.32477298	0.90084795	-0.28808938	4.83194820	
0.93852576	-0.34130125	-0.05179631	-8.07985895	-0.14230051	-0.24579263	-0.95882040	-3.09637215	0.31451544	0.90724828	-0.27925005	4.83200063	
0.94257025	-0.32917537	-0.05661188	-8.07937179	-0.14154792	-0.24014867	-0.96036077	-3.09607341	0.30253185	0.91322078	-0.27295108	4.83186141	
0.94634813	-0.31704301	-0.06252156	-8.07865964	-0.14273944	-0.23653884	-0.96108003	-3.09574989	0.28991493	0.91844059	-0.26910263	4.83184383	
0.94962151	-0.30586310	-0.06831356	-8.07807102	-0.14407729	-0.23249051	-0.96186792	-3.09541187	0.27831765	0.92325291	-0.26484591	4.83179579	
0.95286236	-0.29383158	-0.07560641	-8.07734777	-0.14729560	-0.23014280	-0.96194506	-3.09507923	0.26524956	0.92773773	-0.26257451	4.83171771	
0.95531830	-0.28370107	-0.08294967	-8.07652159	-0.15056829	-0.22559030	-0.96251660	-3.09457833	0.25435435	0.93199931	-0.25822693	4.83192700	
0.95877105	-0.27029161	-0.08775261	-8.07607053	-0.14974687	-0.21808575	-0.96437258	-3.09418079	0.24152422	0.93775319	-0.24956963	4.83186278	
0.96328167	-0.25217964	-0.09216215	-8.07517547	-0.14818977	-0.21312397	-0.96572147	-3.09388030	0.22389333	0.94391928	-0.24266885	4.83185502	
0.96594182	-0.24045481	-0.09559232	-8.07396242	-0.14693417	-0.20561225	-0.96754015	-3.09343027	0.21299473	0.94863327	-0.23394050	4.83175681	
0.96772677	-0.23260592	-0.09695043	-8.07329720	-0.14518981	-0.20018803	-0.96893997	-3.09298959	0.20597286	0.95174536	-0.22749933	4.83144925	
0.96979931	-0.22264261	-0.09959705	-8.07238550	-0.14472653	-0.19660268	-0.96974307	-3.09252200	0.19632508	0.95487049	-0.22288743	4.83152758	
0.97134421	-0.21482805	-0.10168249	-8.07158244	-0.14388923	-0.19100765	-0.97098505	-3.09206480	0.18917269	0.95779172	-0.21644562	4.83117544	
0.97384046	-0.20440944	-0.09925492	-8.07098492	-0.13979330	-0.19457112	-0.97087585	-3.09152297	0.17914405	0.95935335	-0.21805630	4.83075054	
0.97682998	-0.19132511	-0.09590565	-8.07016266	-0.13445532	-0.19997660	-0.97053136	-3.09073348	0.16650814	0.96093916	-0.22106781	4.83096798	
0.97953039	-0.17781086	-0.09435846	-8.06951817	-0.12960233	-0.19840708	-0.97151318	-3.09034435	0.15402421	0.96385576	-0.21739047	4.83089191	
0.98217495	-0.16388727	-0.09205066	-8.06879977	-0.12455628	-0.20068658	-0.97170501	-3.08968372	0.14077675	0.96584981	-0.21752252	4.83075118	
0.98407221	-0.15076112	-0.09419643	-8.06815970	-0.12347072	-0.19843562	-0.97230566	-3.08887816	0.12789396	0.96844948	-0.21388956	4.83092367	
0.98628806	-0.13565397	-0.09398863	-8.06741868	-0.11966461	-0.19564716	-0.97334607	-3.08849510	0.11364965	0.97124672	-0.20919744	4.83057190	
0.98804910	-0.12347073	-0.09227113	-8.06660981	-0.11544993	-0.19616958	-0.97374987	-3.08769921	0.10212882	0.97276538	-0.20807986	4.83042473	
0.98975757	-0.11168165	-0.08892227	-8.06582220	-0.10985831	-0.19808014	-0.97400996	-3.08710437	0.09116531	0.97380258	-0.20832047	4.83027680	
0.99068422	-0.10368110	-0.08828936	-8.06482636	-0.10762967	-0.19893398	-0.97408476	-3.08630670	0.08343042	0.97451296	-0.20823992	4.83009780	
0.99095947	-0.09961856	-0.08986361	-8.06387127	-0.10844464	-0.20041285	-0.97369115	-3.08554191	0.07898789	0.97463369	-0.20940411	4.82985646	
0.99076841	-0.09819410	-0.09346593	-8.06283252	-0.11196688	-0.20402111	-0.97254244	-3.08459284	0.07642891	0.97402942	-0.21313216	4.82942339	
0.99048191	-0.09856791	-0.09607268	-8.06151625	-0.11509820	-0.21033665	-0.97083000	-3.08371974	0.07548508	0.97264735	-0.21967964	4.82920425	
0.98995671	-0.10546697	-0.09414052	-8.05998593	-0.11540325	-0.21824542	-0.96904645	-3.08256731	0.08165666	0.97017816	-0.22822474	4.82889046	
0.98904865	-0.11517063	-0.09229564	-8.05892011	-0.11641671	-0.22439753	-0.96751894	-3.08116548	0.09071885	0.96766806	-0.23534786	4.82880881	
0.98844242	-0.12161898	-0.09050081	-8.05733794	-0.11636628	-0.22607409	-0.96713463	-3.08048401	0.09716204	0.96648814	-0.23761357	4.82874932	
0.98653776	-0.13781982	-0.08802810	-8.05554726	-0.11795866	-0.22688583	-0.96675156	-3.07944552	0.11326520	0.96412059	-0.24008848	4.82831952	
0.98339329	-0.15965881	-0.08629431	-8.05411894	-0.12200293	-0.22954761	-0.96562062	-3.07837870	0.13436119	0.96011299	-0.24521442	4.82825408	
0.97987003	-0.17980492	-0.08674627	-8.05287770	-0.12689426	-0.22551158	-0.96594118	-3.07749693	0.15411869	0.95750442	-0.24378825	4.82819832	
0.97695583	-0.19509924	-0.08656553	-8.05164571	-0.13015198	-0.22308819	-0.96607045	-3.07671117	0.16916787	0.95507484	-0.24333986	4.82781239	
0.97444175	-0.20843147	-0.08378309	-8.05023279	-0.13100880	-0.22431120	-0.96567136	-3.07595631	0.18248282	0.95196681	-0.24588455	4.82743402	
0.97174166	-0.22177558	-0.08083158	-8.04886142	-0.13238873	-0.22854852	-0.96448888	-3.07491861	0.19542615	0.94793521	-0.25145071	4.82718303	
0.96881861	-0.23481698	-0.07906639	-8.04730828	-0.13502788	-0.23281332	-0.96310198	-3.07396379	0.20774499	0.94374729	-0.25726072	4.82698925	
0.96501053	-0.25005468	-0.07891344	-8.04583976	-0.13920097	-0.23350418	-0.96234032	-3.07297675	0.22221108	0.93965337	-0.26014184	4.82677680	
0.96109265	-0.26460906	-0.07926512	-8.04435446	-0.14364536	-0.23367107	-0.96164642	-3.07217796	0.23593839	0.93561738	-0.26258941	4.82642989	
0.95698050	-0.28005145	-0.07589142	-8.04279170	-0.14570087	-0.23763273	-0.96036552	-3.07117610	0.25091747	0.93010853	-0.26821363	4.82615245	
0.95295804	-0.29414194	-0.07315385	-8.04161875	-0.14735795	-0.23869165	-0.95984995	-3.07017393	0.26487091	0.92547653	-0.27080728	4.82613421	
0.95073164	-0.30180609	-0.07086909	-8.04052060	-0.14728695	-0.23857661	-0.95988945	-3.06932118	0.27279277	0.92303537	-0.27127443	4.82590072	
0.95007513	-0.30408882	-0.06990879	-8.03936985	-0.14727345	-0.23950975	-0.95965911	-3.06796348	0.27507777	0.92204396	-0.27233647	4.82585218	
0.95068492	-0.30108402	-0.07447552	-8.03807654	-0.14983659	-0.23559420	-0.96023141	-3.06718384	0.27156433	0.92403668	-0.26908926	4.82573346	
0.95058792	-0.30070535	-0.07719386	-8.03647723	-0.15127348	-0.23150721	-0.96099987	-3.06616677	0.27110686	0.92519225	-0.26555670	4.82547979	
0.95081388	-0.29984471	-0.07775674	-8.03525485	-0.15136287	-0.23071967	-0.96117517	-3.06506753	0.27026328	0.92566818	-0.26475682	4.82521894	
0.95190748	-0.29612149	-0.07863983	-8.03366648	-0.15025855	-0.22751442	-0.96211203	-3.06395800	0.26701035	0.92765794	-0.26106746	4.82538532	
0.95256058	-0.29415377	-0.07811467	-8.03224474	-0.14695620	-0.21978158	-0.96441689	-3.06305627	0.26651869	0.93014495	-0.25258299	4.82502532	
0.95427257	-0.28982305	-0.07325616	-8.03088715	-0.14085745	-0.21979081	-0.96532439	-3.06193020	0.26367223	0.93150126	-0.25056408	4.82483556	
0.95557420	-0.28525573	-0.07420990	-8.02934492	-0.13852017	-0.21237632	-0.96732025	-3.06088431	0.26017322	0.93462584	-0.24245501	4.82501696	
0.95691956	-0.28086520	-0.07361858	-8.02795272	-0.13452331	-0.20416849	-0.96964875	-3.05995894	0.25731000	0.93777928	-0.23315574	4.82458995	
0.95838901	-0.27510587	-0.07620540	-8.02658278	-0.13387109	-0.19735615	-0.97114833	-3.05865870	0.25212900	0.94093959	-0.22597269	4.82463932	
0.96096937	-0.26435893	-0.08156124	-8.02533935	-0.13356114	-0.18512895	-0.97359575	-3.05787602	0.24227938	0.94648911	-0.21321133	4.82442274	
0.96389145	-0.25292425	-0.08332220	-8.02364172	-0.13132717	-0.17928967	-0.97499148	-3.05681889	0.23166018	0.95072843	-0.20603161	4.82412609	
0.96640850	-0.24290793	-0.08396638	-8.02218367	-0.12820610	-0.17247250	-0.97663526	-3.05566268	0.22275056	0.95459362	-0.19782117	4.82395956	
0.96984846	-0.22980614	-0.08113628	-8.02074804	-0.12192917	-0.16928101	-0.97799653	-3.05457251	0.21101478	0.95840131	-0.19219700	4.82362112	
0.97318076	-0.21655442	-0.07761052	-8.01909295	-0.11576815	-0.16949702	-0.97870757	-3.05376285	0.19878869	0.96144420	-0.19002134	4.82315034	
0.97520216	-0.20932123	-0.07187048	-8.01726288	-0.10952168	-0.17424841	-0.97859210	-3.05258041	0.19231678	0.96219651	-0.19285264	4.82281708	
0.97624730	-0.20486060	-0.07052194	-8.01590810	-0.10799031	-0.17791396	-0.97810261	-3.05107565	0.18782785	0.96248572	-0.19581098	4.82273542	
0.97805467	-0.19581402	-0.07117534	-8.01452640	-0.10671337	-0.17740380	-0.97833540	-3.04984122	0.17894501	0.96446087	-0.19440659	4.82263591	
0.98020876	-0.18416428	-0.07262446	-8.01295358	-0.10569350	-0.17665030	-0.97858242	-3.04888358	0.16739080	0.96689099	-0.19261914	4.82210011	
0.98136013	-0.17852347	-0.07114540	-8.01091098	-0.10393445	-0.18164053	-0.97785702	-3.04779048	0.16164753	0.96702435	-0.19680952	4.82190533	
0.98153164	-0.17810533	-0.06981492	-8.00963922	-0.10249148	-0.18144580	-0.97804546	-3.04648894	0.16152748	0.96713800	-0.19634908	4.82175568	
0.98243770	-0.17184664	-0.07269731	-8.00820105	-0.10437838	-0.18319978	-0.97751880	-3.04540193	0.15466519	0.96793934	-0.19791944	4.82133666	
0.98289312	-0.16859792	-0.07413400	-8.00606600	-0.10540840	-0.18487410	-0.97709295	-3.04408371	0.15103038	0.96819229	-0.19948312	4.82132553	
0.98221588	-0.17250222	-0.07412789	-8.00446234	-0.10590889	-0.18303478	-0.97738507	-3.04264441	0.15503311	0.96785394	-0.19804919	4.82101021	
0.98257804	-0.17094880	-0.07291702	-8.00317785	-0.10421955	-0.18197346	-0.97776477	-3.04117285	0.15387875	0.96832958	-0.19661933	4.82098663	
0.98367622	-0.16530111	-0.07111008	-8.00146582	-0.10067837	-0.17802654	-0.97886180	-3.04021152	0.14914747	0.97004232	-0.19176272	4.82077055	
0.98396034	-0.16512892	-0.06748695	-7.99961524	-0.09687106	-0.17693848	-0.97944309	-3.03889733	0.14979335	0.97027069	-0.19009666	4.82042242	
0.98399766	-0.16676530	-0.06275299	-7.99814016	-0.09260601	-0.17776231	-0.97970643	-3.03772624	0.15222592	0.96984014	-0.19036117	4.82016576	
0.98415544	-0.16745692	-0.05827726	-7.99658333	-0.08837432	-0.17833068	-0.97999395	-3.03619678	0.15371415	0.96961660	-0.19030400	4.82023113	
0.98433025	-0.16633124	-0.05854807	-7.99532402	-0.08776264	-0.17412987	-0.98080401	-3.03487978	0.15294337	0.97057339	-0.18599897	4.81984471	
0.98506657	-0.16142434	-0.05988351	-7.99371799	-0.08829325	-0.17502400	-0.98059722	-3.03352299	0.14781121	0.97124085	-0.18666297	4.81964103	
0.98526955	-0.15967358	-0.06122300	-7.99203906	-0.08898005	-0.17294971	-0.98090313	-3.03209242	0.14603582	0.97190161	-0.18460985	4.81949134	
0.98572708	-0.15700256	-0.06076448	-7.99071892	-0.08798189	-0.17269713	-0.98103766	-3.03044422	0.14353157	0.97238156	-0.18404562	4.81916424	
0.98647408	-0.15100860	-0.06375962	-7.98917646	-0.08968151	-0.17161682	-0.98107334	-3.02905414	0.13720829	0.97352148	-0.18283823	4.81902108	
0.98688755	-0.14842608	-0.06342445	-7.98741211	-0.08884222	-0.17144195	-0.98118027	-3.02765963	0.13475913	0.97394936	-0.18238043	4.81875137	
0.98709734	-0.14738887	-0.06257288	-7.98616939	-0.08777998	-0.17127695	-0.98130468	-3.02607673	0.13391610	0.97413589	-0.18200481	4.81847932	
0.98785956	-0.14149715	-0.06412524	-7.98471921	-0.08823704	-0.17132938	-0.98125454	-3.02457902	0.12785819	0.97499990	-0.18173465	4.81841684	
0.98819138	-0.13816476	-0.06624425	-7.98292302	-0.08940452	-0.16881627	-0.98158438	-3.02308866	0.12443727	0.97591576	-0.17917533	4.81818820	
0.98803012	-0.13814052	-0.06865618	-7.98149760	-0.09151871	-0.16663619	-0.98176204	-3.02120223	0.12418051	0.97629380	-0.17728401	4.81806841	
0.98849561	-0.13232369	-0.07325893	-7.98035299	-0.09440851	-0.16138745	-0.98236507	-3.01967827	0.11816710	0.97797982	-0.17202327	4.81778803	
0.98958108	-0.12349898	-0.07400864	-7.97844506	-0.09361456	-0.16137746	-0.98244268	-3.01834752	0.10938734	0.97913498	-0.17125739	4.81733208	
0.98968731	-0.12329893	-0.07291372	-7.97669503	-0.09253003	-0.16171066	-0.98249064	-3.01637542	0.10934912	0.97910522	-0.17145184	4.81714371	
0.99003299	-0.12158708	-0.07107228	-7.97537703	-0.09041586	-0.16180997	-0.98267111	-3.01496238	0.10797991	0.97930287	-0.17119060	4.81676996	
0.99037920	-0.11973918	-0.06936541	-7.97361325	-0.08873837	-0.16491195	-0.98230828	-3.01315156	0.10618160	0.97901306	-0.17395083	4.81661927	
0.99008506	-0.12191732	-0.06976914	-7.97203893	-0.08938443	-0.16365890	-0.98245925	-3.01144548	0.10836046	0.97895451	-0.17293375	4.81632809	
0.98992665	-0.12279263	-0.07047841	-7.97056152	-0.09023203	-0.16357142	-0.98239634	-3.00968117	0.10910278	0.97885972	-0.17300354	4.81603468	
0.98976315	-0.12325725	-0.07194826	-7.96885903	-0.09174070	-0.16328884	-0.98230362	-3.00782943	0.10932770	0.97884851	-0.17292499	4.81582889	
0.98976118	-0.12332364	-0.07186162	-7.96727522	-0.09145082	-0.16136179	-0.98264903	-3.00602612	0.10958813	0.97915967	-0.17098768	4.81554693	
0.98971279	-0.12390249	-0.07153160	-7.96531247	-0.09106663	-0.15996862	-0.98291246	-3.00456504	0.11034249	0.97931518	-0.16960637	4.81523329	
0.98898041	-0.13174654	-0.06753217	-7.96329822	-0.08864373	-0.16161267	-0.98286501	-3.00276752	0.11857501	0.97802055	-0.17151027	4.81490226	
0.98796827	-0.14086492	-0.06384183	-7.96184130	-0.08652563	-0.16129872	-0.98310530	-3.00082085	0.12818744	0.97680080	-0.17154644	4.81478188	
0.98744483	-0.14517244	-0.06227097	-7.96016999	-0.08555190	-0.16009444	-0.98338733	-2.99942779	0.13279151	0.97636813	-0.17050420	4.81442380	
0.98659385	-0.15209757	-0.05915151	-7.95823831	-0.08387377	-0.16165303	-0.98327691	-2.99768617	0.13999201	0.97505622	-0.17224288	4.81413779	
0.98555010	-0.15948742	-0.05705051	-7.95675771	-0.08318517	-0.16233090	-0.98322373	-2.99567226	0.14755075	0.97376200	-0.17325222	4.81391938	
0.98537868	-0.16026143	-0.05783710	-7.95514894	-0.08392259	-0.16111674	-0.98336077	-2.99401031	0.14827628	0.97383657	-0.17221055	4.81372712	
0.98508491	-0.16221745	-0.05738653	-7.95304387	-0.08392090	-0.16178162	-0.98325174	-2.99245087	0.15021651	0.97340239	-0.17298207	4.81317466	
0.98415030	-0.16844078	-0.05546064	-7.95129698	-0.08369234	-0.16543954	-0.98266238	-2.99034835	0.15634503	0.97172911	-0.17691458	4.81307391	
0.98376292	-0.17048436	-0.05608564	-7.94969976	-0.08466529	-0.16529760	-0.98260292	-2.98875030	0.15824761	0.97139682	-0.17704775	4.81284108	
0.98360807	-0.17148785	-0.05574129	-7.94771840	-0.08444165	-0.16491719	-0.98268608	-2.98711201	0.15932603	0.97128484	-0.17669460	4.81257040	
0.98333429	-0.17356378	-0.05412295	-7.94599086	-0.08324007	-0.16514667	-0.98275005	-2.98513477	0.16163159	0.97087702	-0.17684185	4.81231625	
0.98380750	-0.17120572	-0.05302263	-7.94430244	-0.08188908	-0.16622530	-0.98268170	-2.98348537	0.15942703	0.97111161	-0.17755358	4.81185556	
0.98430859	-0.16895289	-0.05090693	-7.94215264	-0.08001418	-0.17022710	-0.98215094	-2.98180352	0.15727150	0.97081288	-0.18107463	4.81152543	
0.98415965	-0.17013591	-0.04983525	-7.94024254	-0.07981038	-0.17417920	-0.98147436	-2.97983954	0.15830377	0.96990483	-0.18499875	4.81121644	
0.98419368	-0.16993018	-0.04986522	-7.93820014	-0.08038245	-0.17774777	-0.98078764	-2.97819507	0.15780199	0.96929328	-0.18859764	4.81094188	
0.98376920	-0.17242121	-0.04968996	-7.93602657	-0.08099872	-0.17960726	-0.98039810	-2.97629994	0.16011675	0.96851028	-0.19065799	4.81071214	
0.98344559	-0.17457837	-0.04855057	-7.93411959	-0.08020282	-0.17910936	-0.98055461	-2.97451478	0.16248777	0.96821600	-0.19014599	4.81054129	
0.98343843	-0.17470044	-0.04825564	-7.93203307	-0.07980158	-0.17832929	-0.98072951	-2.97302567	0.16272848	0.96833797	-0.18931724	4.81010557	
0.98308104	-0.17717579	-0.04648021	-7.92979336	-0.07874910	-0.17970844	-0.98056283	-2.97114612	0.16537911	0.96763300	-0.19062040	4.80988891	
0.98261907	-0.17989512	-0.04579852	-7.92785970	-0.07822123	-0.17750936	-0.98100554	-2.96947360	0.16834845	0.96753717	-0.18849570	4.80960730	
0.98267345	-0.17965471	-0.04557502	-7.92581153	-0.07804897	-0.17807108	-0.98091745	-2.96772030	0.16811085	0.96747862	-0.18900759	4.80915562	
0.98260307	-0.17991300	-0.04607079	-7.92349328	-0.07899800	-0.18039326	-0.98041705	-2.96617242	0.16807891	0.96700030	-0.19146774	4.80880261	
0.98191850	-0.18350105	-0.04651264	-7.92138542	-0.08067757	-0.18337280	-0.97972728	-2.96422670	0.17125183	0.96576487	-0.19486156	4.80845953	
0.98191457	-0.18307344	-0.04824831	-7.91938689	-0.08303470	-0.18740650	-0.97876659	-2.96254951	0.17014412	0.96507146	-0.19921862	4.80811642	
0.98174780	-0.18337051	-0.05046303	-7.91689850	-0.08564516	-0.18934682	-0.97816803	-2.96082150	0.16981215	0.96463622	-0.20159562	4.80797570	
0.98096561	-0.18706880	-0.05207439	-7.91479089	-0.08787950	-0.18854861	-0.97812403	-2.95895680	0.17315794	0.96408230	-0.20139922	4.80763254	
0.98086172	-0.18706667	-0.05400315	-7.91271599	-0.08997284	-0.18950116	-0.97774956	-2.95747537	0.17267070	0.96389593	-0.20270536	4.80721655	
0.98046300	-0.18874267	-0.05539405	-7.91026626	-0.09199007	-0.19104530	-0.97726123	-2.95560971	0.17386812	0.96326419	-0.20467530	4.80704688	
0.98001853	-0.19047981	-0.05728115	-7.90834143	-0.09402120	-0.18984447	-0.97730195	-2.95385500	0.17528178	0.96315965	-0.20396024	4.80664786	
0.98024437	-0.18869072	-0.05930250	-7.90596171	-0.09598163	-0.19164229	-0.97676034	-2.95216091	0.17294074	0.96315578	-0.20596712	4.80627353	
0.97957908	-0.19126651	-0.06198353	-7.90359181	-0.09906027	-0.19085303	-0.97660749	-2.95008542	0.17496256	0.96280436	-0.20590255	4.80610981	
0.97946793	-0.19140415	-0.06330099	-7.90160269	-0.09993810	-0.18829353	-0.97701480	-2.94838301	0.17508552	0.96328085	-0.20355605	4.80572738	
0.98013191	-0.18811123	-0.06289365	-7.89929548	-0.09841770	-0.18593347	-0.97762094	-2.94649208	0.17220744	0.96438732	-0.20075280	4.80563789	
0.98064784	-0.18635507	-0.06001336	-7.89704705	-0.09443233	-0.18171435	-0.97880663	-2.94485246	0.17150029	0.96553181	-0.19579573	4.80518466	
0.98104405	-0.18393856	-0.06098510	-7.89516706	-0.09431547	-0.17829885	-0.97944582	-2.94275833	0.16928428	0.96663133	-0.19226728	4.80505379	
0.98260399	-0.17496166	-0.06227207	-7.89303732	-0.09299823	-0.17332306	-0.98046440	-2.94161717	0.16075050	0.96919943	-0.18657905	4.80452975	
0.98360173	-0.16993300	-0.06041859	-7.89056856	-0.09034691	-0.17432050	-0.98053547	-2.93958870	0.15609314	0.96991502	-0.18681487	4.80415922	
0.98449224	-0.16529444	-0.05876038	-7.88874557	-0.08750877	-0.17242093	-0.98112855	-2.93775141	0.15204357	0.97105549	-0.18421178	4.80394896	
0.98645167	-0.15339304	-0.05816940	-7.88681952	-0.08435792	-0.17018087	-0.98179540	-2.93586910	0.14070126	0.97340076	-0.18081512	4.80374398	
0.98857540	-0.13950573	-0.05706856	-7.88444664	-0.08029608	-0.16700797	-0.98268046	-2.93447011	0.12755865	0.97603611	-0.17630173	4.80315288	
0.98982965	-0.13237095	-0.05210750	-7.88187043	-0.07456808	-0.17084990	-0.98247133	-2.93273655	0.12114810	0.97636481	-0.17898295	4.80271595	
0.99039926	-0.12972909	-0.04774586	-7.87986913	-0.07009929	-0.17363039	-0.98231287	-2.93083734	0.11914442	0.97622889	-0.18105732	4.80255210	
0.99121736	-0.12267078	-0.04939658	-7.87785477	-0.07040541	-0.17333084	-0.98234388	-2.92926827	0.11194294	0.97719409	-0.18044523	4.80215929	
0.99201042	-0.11638443	-0.04868260	-7.87523069	-0.06895304	-0.17705463	-0.98178263	-2.92743238	0.10564474	0.97729541	-0.18366509	4.80181331	
0.99226659	-0.11514125	-0.04636287	-7.87300738	-0.06661734	-0.17883587	-0.98162104	-2.92550811	0.10473373	0.97711833	-0.18512326	4.80132050	
0.99300750	-0.10971429	-0.04357614	-7.87100615	-0.06334165	-0.18368680	-0.98094189	-2.92341015	0.09961898	0.97684284	-0.18935185	4.80115408	
0.99379931	-0.10194470	-0.04438705	-7.86841578	-0.06253198	-0.18235145	-0.98124294	-2.92193343	0.09193848	0.97793416	-0.18759555	4.80085690	
0.99393552	-0.10154167	-0.04220746	-7.86571773	-0.06052384	-0.18469475	-0.98093054	-2.92000610	0.09180983	0.97753626	-0.18972036	4.80048021	
0.99380985	-0.10288012	-0.04192450	-7.86361573	-0.06063427	-0.18609317	-0.98065938	-2.91812410	0.09308849	0.97713101	-0.19117929	4.80011788	
0.99387402	-0.10142050	-0.04391251	-7.86103193	-0.06240294	-0.18704585	-0.98036714	-2.91660716	0.09121568	0.97710170	-0.19222895	4.79985526	
0.99354112	-0.10417970	-0.04497359	-7.85852424	-0.06401938	-0.18739702	-0.98019583	-2.91468219	0.09368859	0.97674405	-0.19285617	4.79956808	
0.99332237	-0.10587087	-0.04584786	-7.85622142	-0.06511639	-0.18642007	-0.98030985	-2.91293037	0.09523930	0.97674916	-0.19206916	4.79931646	
0.99329044	-0.10615953	-0.04587216	-7.85363690	-0.06500794	-0.18449395	-0.98068137	-2.91142819	0.09564554	0.97708349	-0.19015729	4.79897792	
0.99297565	-0.10969995	-0.04433141	-7.85113195	-0.06419084	-0.18472670	-0.98069138	-2.90964371	0.09939260	0.97664833	-0.19047084	4.79851346	
0.99276303	-0.11209378	-0.04308761	-7.84867288	-0.06370709	-0.18744356	-0.98020728	-2.90798061	0.10179865	0.97585854	-0.19322820	4.79818805	
0.99226615	-0.11652266	-0.04278275	-7.84603121	-0.06448531	-0.18939550	-0.97978109	-2.90614001	0.10606384	0.97496247	-0.19544474	4.79775545	
0.99179927	-0.12114004	-0.04073449	-7.84359542	-0.06399392	-0.19481800	-0.97874957	-2.90425120	0.11062995	0.97332987	-0.20097258	4.79736623	
0.99131997	-0.12456962	-0.04203712	-7.84110539	-0.06608470	-0.19571922	-0.97843078	-2.90230313	0.11365528	0.97271599	-0.20225251	4.79741912	
0.99099728	-0.12686677	-0.04276936	-7.83851103	-0.06699482	-0.19333005	-0.97884380	-2.90082291	0.11591415	0.97289687	-0.20008897	4.79677306	
0.99039912	-0.13133587	-0.04313331	-7.83579720	-0.06866697	-0.19659516	-0.97807729	-2.89910932	0.11997683	0.97164872	-0.20372610	4.79635393	
0.98960068	-0.13748500	-0.04228902	-7.83321106	-0.06949737	-0.19959175	-0.97741150	-2.89699296	0.12593889	0.97018607	-0.20707098	4.79626223	
0.98900391	-0.14119624	-0.04398727	-7.83082877	-0.07152007	-0.19630184	-0.97793173	-2.89526731	0.12944550	0.97032428	-0.20424165	4.79605126	
0.98879243	-0.14217778	-0.04555231	-7.82820368	-0.07277233	-0.19257700	-0.97857973	-2.89347261	0.13035996	0.97092717	-0.20076529	4.79578572	
0.98855208	-0.14430939	-0.04404081	-7.82545266	-0.07125996	-0.18926992	-0.97933596	-2.89172995	0.13299177	0.97126294	-0.19738665	4.79532972	
0.98820143	-0.14771043	-0.04049157	-7.82299857	-0.06833823	-0.18863742	-0.97966617	-2.89012384	0.13706869	0.97087463	-0.19650604	4.79482331	
0.98815205	-0.14871911	-0.03792287	-7.82063505	-0.06638816	-0.19140173	-0.97926400	-2.88825751	0.13837677	0.97017937	-0.19900720	4.79451675	
0.98837914	-0.14737550	-0.03724423	-7.81811349	-0.06558693	-0.19242175	-0.97911809	-2.88652184	0.13713142	0.97018263	-0.19985155	4.79433940	
0.98833715	-0.14707821	-0.03946742	-7.81553321	-0.06747428	-0.19061408	-0.97934340	-2.88456999	0.13651703	0.97058450	-0.19831498	4.79399992	
0.98841241	-0.14637900	-0.04017573	-7.81298321	-0.06779604	-0.18890841	-0.97965163	-2.88269259	0.13581089	0.97102358	-0.19664333	4.79374611	
0.98875965	-0.14422992	-0.03939642	-7.81053737	-0.06624363	-0.18637586	-0.98024273	-2.88086953	0.13403779	0.97183423	-0.19383525	4.79339277	
0.98907655	-0.14240577	-0.03805492	-7.80780039	-0.06439673	-0.18522602	-0.98058369	-2.87909666	0.13259201	0.97232295	-0.19237318	4.79311181	
0.98904316	-0.14304859	-0.03647918	-7.80536578	-0.06252373	-0.18204760	-0.98129988	-2.87725195	0.13373261	0.97282875	-0.18899686	4.79270883	
0.98923696	-0.14260408	-0.03277683	-7.80271614	-0.05905124	-0.18412822	-0.98112678	-2.87574054	0.13387754	0.97250238	-0.19056738	4.79203523	
0.98891952	-0.14465155	-0.03337827	-7.80036375	-0.06065818	-0.18851393	-0.98019543	-2.87322897	0.13549452	0.97135906	-0.19519940	4.79182188	
0.98925620	-0.14138256	-0.03719048	-7.79798573	-0.06371149	-0.18797508	-0.98010521	-2.87152432	0.13157890	0.97194462	-0.19496321	4.79151037	
0.98955044	-0.13891110	-0.03864749	-7.79522375	-0.06439599	-0.18595580	-0.98044561	-2.86956140	0.12900806	0.97268913	-0.19295797	4.79127947	
0.98981781	-0.13741771	-0.03710897	-7.79276604	-0.06243506	-0.18486443	-0.98077877	-2.86767272	0.12791624	0.97310920	-0.19156179	4.79059984	
0.99032970	-0.13486230	-0.03254617	-7.79013379	-0.05763108	-0.18651450	-0.98076042	-2.86567518	0.12619727	0.97315184	-0.19248311	4.79049928	
0.99050678	-0.13420117	-0.02977195	-7.78757352	-0.05452918	-0.18477706	-0.98126653	-2.86388105	0.12618594	0.97357459	-0.19034081	4.78999205	
0.99062053	-0.13450319	-0.02408030	-7.78488312	-0.04943003	-0.18845310	-0.98083745	-2.86190014	0.12738776	0.97282800	-0.19333401	4.78946400	
0.99066531	-0.13476251	-0.02052604	-7.78267721	-0.04629086	-0.19094930	-0.98050779	-2.85956190	0.12821626	0.97230521	-0.19540512	4.78926147	
0.99133055	-0.12934096	-0.02312254	-7.78014779	-0.04752289	-0.18888989	-0.98084769	-2.85786270	0.12249616	0.97344313	-0.19339898	4.78902668	
0.99138039	-0.12885488	-0.02369281	-7.77708433	-0.04775809	-0.18702601	-0.98119337	-2.85578808	0.12200038	0.97386739	-0.19156778	4.78873422	
0.99094821	-0.13202766	-0.02429680	-7.77490504	-0.04827646	-0.18159409	-0.98218785	-2.85362192	0.12526380	0.97447026	-0.18632417	4.78850272	
0.99158896	-0.12672862	-0.02629060	-7.77253045	-0.04877126	-0.17770804	-0.98287396	-2.85212105	0.11988621	0.97588919	-0.18239404	4.78787803	
0.99200869	-0.12356960	-0.02548149	-7.76964901	-0.04741461	-0.17795696	-0.98289530	-2.84974982	0.11692137	0.97624888	-0.18239386	4.78762413	
0.99232821	-0.12011820	-0.02926322	-7.76764999	-0.05005881	-0.17395327	-0.98348075	-2.84721013	0.11304351	0.97740057	-0.17863171	4.78726808	
0.99368011	-0.10762902	-0.03187198	-7.76477096	-0.05019981	-0.17213874	-0.98379278	-2.84562835	0.10039825	0.97917529	-0.17645380	4.78685784	
0.99408033	-0.10444660	-0.02991987	-7.76189623	-0.04727545	-0.16787800	-0.98467355	-2.84315574	0.09782292	0.98025909	-0.17182198	4.78685913	
0.99492705	-0.09676688	-0.02750168	-7.75990602	-0.04301319	-0.16206654	-0.98584193	-2.84128961	0.09093975	0.98202373	-0.16540664	4.78608091	
0.99625323	-0.08325965	-0.02339494	-7.75704948	-0.03670754	-0.16215115	-0.98608294	-2.83951043	0.07830740	0.98324709	-0.16459986	4.78560826	
0.99699975	-0.07497874	-0.01922745	-7.75434696	-0.03131192	-0.16349720	-0.98604677	-2.83729283	0.07078891	0.98369043	-0.16535440	4.78534260	
0.99759157	-0.06720904	-0.01714652	-7.75167418	-0.02809564	-0.16552606	-0.98580513	-2.83512616	0.06341683	0.98391263	-0.16701568	4.78506481	
0.99802821	-0.06116480	-0.01409090	-7.74913099	-0.02384933	-0.16187929	-0.98652233	-2.83307081	0.05805941	0.98491317	-0.16301884	4.78478220	
0.99882998	-0.04726864	-0.01021501	-7.74722499	-0.01760507	-0.15867787	-0.98717344	-2.83092912	0.04504145	0.98619826	-0.15932438	4.78416771	
0.99958716	-0.02672865	-0.01053940	-7.74418104	-0.01469187	-0.16027001	-0.98696387	-2.82937544	0.02469106	0.98671126	-0.16059653	4.78373631	
0.99973370	-0.02023174	-0.01109956	-7.74100370	-0.01424461	-0.16262322	-0.98658541	-2.82715756	0.01815529	0.98648080	-0.16286810	4.78336267	
0.99981056	-0.01593585	-0.01117593	-7.73887168	-0.01365581	-0.16515056	-0.98617382	-2.82502824	0.01386981	0.98613962	-0.16533689	4.78267145	
0.99992819	-0.00241033	-0.01173896	-7.73638700	-0.01197811	-0.17067393	-0.98525476	-2.82302199	0.00037125	0.98532462	-0.17069055	4.78243728	
0.99986181	0.00882140	-0.01409023	-7.73341731	-0.01236017	-0.17230218	-0.98496659	-2.82105504	-0.01111656	0.98500464	-0.17216934	4.78191163	
0.99973057	0.01486004	-0.01783179	-7.73059496	-0.01491812	-0.17721565	-0.98405897	-2.81893461	-0.01778322	0.98405985	-0.17694622	4.78148099	
0.99960604	0.02039163	-0.01928613	-7.72801515	-0.01530734	-0.17987566	-0.98357025	-2.81653256	-0.02352571	0.98347797	-0.17949266	4.78133932	
0.99944211	0.02854179	-0.01734430	-7.72508531	-0.01199098	-0.17804175	-0.98394987	-2.81486771	-0.03117170	0.98360892	-0.17760018	4.78099622	
0.99948966	0.02805242	-0.01527983	-7.72179378	-0.00999427	-0.17970406	-0.98366995	-2.81294903	-0.03034017	0.98332066	-0.17933198	4.78034238	
0.99968193	0.02122000	-0.01362872	-7.71915825	-0.00943979	-0.18627597	-0.98245211	-2.81040167	-0.02338633	0.98226828	-0.18601641	4.78011369	
0.99977375	0.01651023	-0.01341117	-7.71656215	-0.01015133	-0.18371440	-0.98292724	-2.80837138	-0.01869218	0.98284100	-0.18350524	4.78024717	
0.99984128	0.01289998	-0.01228871	-7.71371356	-0.00984185	-0.17504548	-0.98451116	-2.80640323	-0.01485125	0.98447584	-0.17489074	4.77999300	
0.99996995	0.00508036	-0.00585621	-7.71043037	-0.00490721	-0.17002898	-0.98542684	-2.80476335	-0.00600205	0.98542597	-0.16999894	4.77927361	
0.99994276	-0.01069677	0.00021942	-7.70787111	-0.00161066	-0.17077682	-0.98530842	-2.80224399	0.01057709	0.98525167	-0.17078427	4.77916554	
0.99982222	-0.01885466	0.00017726	-7.70596501	-0.00293879	-0.16511041	-0.98627071	-2.80024644	0.01862507	0.98609485	-0.16513647	4.77852630	
0.99991102	-0.01332361	-0.00065379	-7.70348633	-0.00286874	-0.16691178	-0.98596766	-2.79822515	0.01302752	0.98588181	-0.16693515	4.77808087	
0.99994915	-0.00999134	-0.00136818	-7.70038082	-0.00298627	-0.16378360	-0.98649177	-2.79602335	0.00963229	0.98644569	-0.16380510	4.77788956	
0.99992709	-0.01163406	0.00323576	-7.69745386	0.00130729	-0.16209085	-0.98677497	-2.79415658	0.01200469	0.98670725	-0.16206383	4.77732524	
0.99983482	-0.01641174	0.00780906	-7.69490917	0.00500366	-0.16450084	-0.98636425	-2.79162041	0.01747255	0.98624040	-0.16439155	4.77680304	
0.99982572	-0.01628701	0.00912468	-7.69246780	0.00626923	-0.16746487	-0.98585811	-2.78966274	0.01758474	0.98574350	-0.16733358	4.77618725	
0.99978398	-0.01620832	0.01301077	-7.68946815	0.00997867	-0.17480383	-0.98455271	-2.78753299	0.01823228	0.98446986	-0.17460433	4.77578279	
0.99968034	-0.02049874	0.01479920	-7.68694050	0.01082392	-0.18199635	-0.98323963	-2.78510824	0.02284857	0.98308552	-0.18171629	4.77526724	
0.99965177	-0.02127394	0.01561286	-7.68445263	0.01136102	-0.18704640	-0.98228538	-2.78273149	0.02381741	0.98212070	-0.18673957	4.77529740	
0.99972591	-0.01980576	0.01248327	-7.68201086	0.00864958	-0.18301459	-0.98307215	-2.78023943	0.02175511	0.98291067	-0.18279312	4.77501203	
0.99985204	-0.01558435	0.00728206	-7.67894847	0.00434040	-0.18107022	-0.98346059	-2.77854830	0.01664516	0.98334669	-0.18097578	4.77431030	
0.99976488	-0.02111550	0.00493067	-7.67566110	0.00097585	-0.18334707	-0.98304776	-2.77613204	0.02166157	0.98282144	-0.18328336	4.77411131	
0.99953868	-0.03034782	0.00120025	-7.67336925	-0.00438981	-0.18346147	-0.98301710	-2.77386616	0.03005263	0.98255834	-0.18351005	4.77335028	
0.99957704	-0.02896277	-0.00262794	-7.67095343	-0.00803428	-0.18817198	-0.98210323	-2.77144227	0.02794992	0.98170895	-0.18832509	4.77298274	
0.99965728	-0.02553341	-0.00577585	-7.66795780	-0.01048666	-0.18841930	-0.98203269	-2.76920152	0.02398636	0.98175670	-0.18862249	4.77277876	
0.99963877	-0.02551802	-0.00843579	-7.66519094	-0.01307056	-0.18732264	-0.98221148	-2.76683749	0.02348387	0.98196693	-0.18758851	4.77226907	
0.99964725	-0.02451146	-0.01022575	-7.66237000	-0.01466262	-0.18831048	-0.98200009	-2.76448564	0.02214464	0.98180362	-0.18860345	4.77199251	
0.99960987	-0.02522394	-0.01199380	-7.65956959	-0.01648241	-0.18606426	-0.98239932	-2.76203808	0.02254837	0.98221375	-0.18640742	4.77160517	
0.99954075	-0.02553976	-0.01630985	-7.65667337	-0.02076346	-0.18519263	-0.98248286	-2.76013673	0.02207191	0.98237030	-0.18563787	4.77093902	
0.99935625	-0.03007671	-0.01955694	-7.65353762	-0.02491729	-0.18970231	-0.98152543	-2.75757387	0.02581106	0.98138088	-0.19032962	4.77050557	
0.99912870	-0.03613449	-0.02088409	-7.65094447	-0.02742161	-0.19113799	-0.98118007	-2.75505052	0.03146270	0.98089784	-0.19196232	4.77015731	
0.99904934	-0.03710301	-0.02288627	-7.64819659	-0.02953236	-0.18986225	-0.98136648	-2.75275574	0.03206641	0.98110942	-0.19077749	4.76981269	
0.99898780	-0.03788972	-0.02424347	-7.64516983	-0.03088026	-0.18578573	-0.98210492	-2.75026412	0.03270759	0.98185948	-0.18676772	4.76968565	
0.99891298	-0.04125200	-0.02170573	-7.64208240	-0.02876823	-0.17918264	-0.98339512	-2.74830528	0.03667773	0.98295058	-0.18017462	4.76898965	
0.99871224	-0.04783483	-0.01690251	-7.63896557	-0.02531394	-0.18112101	-0.98313498	-2.74643397	0.04396670	0.98229680	-0.18209866	4.76820826	
0.99833017	-0.05668519	-0.01112021	-7.63620837	-0.02154605	-0.18678950	-0.98216366	-2.74369810	0.05359700	0.98076321	-0.18769894	4.76811470	
0.99807696	-0.06100706	-0.01097790	-7.63360452	-0.02212973	-0.18525791	-0.98244073	-2.74149003	0.05790208	0.98079439	-0.18625173	4.76772610	
0.99796394	-0.06278579	-0.01122152	-7.63051486	-0.02271336	-0.18544289	-0.98239251	-2.73910672	0.05959934	0.98064717	-0.18649139	4.76734961	
0.99781757	-0.06530660	-0.00975409	-7.62772869	-0.02162802	-0.18367204	-0.98274962	-2.73681144	0.06238848	0.98081580	-0.18468364	4.76690015	
0.99790457	-0.06429357	-0.00726614	-7.62481931	-0.01900506	-0.18391227	-0.98275891	-2.73494855	0.06184875	0.98083771	-0.18474880	4.76645945	
0.99784370	-0.06549469	-0.00428788	-7.62174455	-0.01644564	-0.18624273	-0.98236612	-2.73231102	0.06354118	0.98031836	-0.18691824	4.76619914	
0.99775151	-0.06698195	-0.00231225	-7.61911461	-0.01453440	-0.18256532	-0.98308629	-2.73015143	0.06542690	0.98090944	-0.18312836	4.76603138	
0.99801738	-0.06281907	-0.00388347	-7.61638036	-0.01513459	-0.17963877	-0.98361621	-2.72804851	0.06109224	0.98172485	-0.18023336	4.76533815	
0.99822675	-0.05939977	-0.00387637	-7.61313675	-0.01454108	-0.18018233	-0.98352574	-2.72552714	0.05772275	0.98183807	-0.18072656	4.76525249	
0.99823171	-0.05900843	-0.00717363	-7.61039350	-0.01737080	-0.17416473	-0.98456331	-2.72352969	0.05684815	0.98294692	-0.17488178	4.76457984	
0.99842466	-0.05557991	-0.00768585	-7.60720001	-0.01743431	-0.17710866	-0.98403687	-2.72131215	0.05333145	0.98262068	-0.17779865	4.76421404	
0.99827989	-0.05813270	-0.00760554	-7.60406818	-0.01767762	-0.17477137	-0.98445034	-2.71898242	0.05589953	0.98289143	-0.17549839	4.76408949	
0.99818771	-0.05997910	-0.00487815	-7.60122103	-0.01520170	-0.17289418	-0.98482309	-2.71701244	0.05822540	0.98311246	-0.17349263	4.76319983	
0.99827991	-0.05855485	-0.00292407	-7.59835882	-0.01315621	-0.17513425	-0.98445666	-2.71462929	0.05713261	0.98280177	-0.17560336	4.76296386	
0.99844505	-0.05573103	-0.00123776	-7.59534582	-0.01095441	-0.17438508	-0.98461660	-2.71241019	0.05465785	0.98309913	-0.17472442	4.76257127	
0.99860022	-0.05289149	0.00031008	-7.59226183	-0.00890967	-0.17398894	-0.98470730	-2.71031182	0.05213659	0.98332616	-0.17421664	4.76213338	
0.99866035	-0.05164907	0.00314166	-7.58910384	-0.00596706	-0.17526050	-0.98450401	-2.70805810	0.05139933	0.98316638	-0.17533391	4.76159372	
0.99868319	-0.05114808	0.00396967	-7.58606384	-0.00521270	-0.17814836	-0.98398983	-2.70601491	0.05103638	0.98267341	-0.17818039	4.76115489	
0.99864437	-0.05201265	0.00202499	-7.58287867	-0.00736016	-0.17961373	-0.98370968	-2.70367371	0.05152906	0.98236123	-0.17975307	4.76094870	
0.99862215	-0.05246001	0.00132122	-7.57983521	-0.00807489	-0.17849267	-0.98390811	-2.70124717	0.05185165	0.98254176	-0.17867034	4.76062422	
0.99860613	-0.05275045	0.00178712	-7.57627709	-0.00756955	-0.17664241	-0.98424599	-2.69953672	0.05223510	0.98286054	-0.17679549	4.75999571	
0.99822760	-0.05929853	0.00503483	-7.57295991	-0.00560292	-0.17787055	-0.98403794	-2.69693775	0.05924755	0.98226562	-0.17788753	4.75985401	
0.99793695	-0.06386779	0.00653834	-7.56980014	-0.00485979	-0.17669542	-0.98425358	-2.69516805	0.06401739	0.98219124	-0.17664127	4.75908674	
0.99758127	-0.06907082	0.00779883	-7.56631522	-0.00496727	-0.18274939	-0.98314698	-2.69286999	0.06933200	0.98073028	-0.18265046	4.75859808	
