0.99997939	-0.00642000	0.00000000	0.00621660	0.96829809	0.24972017	-0.00160320	-0.24971502	0.96831805	
0.99997939	-0.00642000	0.00000000	0.00621660	0.96829809	0.24972017	-0.00160320	-0.24971502	0.96831805	
0.99997939	-0.00642000	0.00000000	0.00621660	0.96829809	0.24972017	-0.00160320	-0.24971502	0.96831805	
0.99998159	-0.00606800	0.00000000	0.00587562	0.96827872	0.24980353	-0.00151581	-0.24979893	0.96829654	
0.99999782	-0.00208600	0.00000000	0.00201852	0.96764683	0.25230050	-0.00052630	-0.25229995	0.96764893	
0.99999641	0.00268000	0.00000000	-0.00258955	0.96624687	0.25760489	0.00069038	-0.25760397	0.96625034	
0.99999163	0.00409200	0.00000000	-0.00394990	0.96526544	0.26124131	0.00106900	-0.26123912	0.96527353	
0.99997774	0.00667200	0.00000000	-0.00642960	0.96364710	0.26710097	0.00178210	-0.26709503	0.96366855	
0.99995241	0.00975600	0.00000000	-0.00940470	0.96394542	0.26593377	0.00259445	-0.26592112	0.96399130	
0.99992555	0.01220201	0.00000000	-0.01177217	0.96470146	0.26308271	0.00321014	-0.26306312	0.96477328	
0.99993388	0.01149900	0.00000000	-0.01111534	0.96657128	0.25615701	0.00294555	-0.25614007	0.96663519	
0.99991464	0.01306600	0.00000000	-0.01264359	0.96758876	0.25221447	0.00329543	-0.25219294	0.96767136	
0.99986492	0.01643600	0.00000000	-0.01592000	0.96847475	0.24860252	0.00408603	-0.24856894	0.96860559	
0.99982984	0.01844701	0.00000000	-0.01789379	0.96984534	0.24306344	0.00448379	-0.24302208	0.97001039	
0.99980453	0.01977099	0.00000000	-0.01919053	0.97045075	0.24053495	0.00475562	-0.24048794	0.97064048	
0.99976405	0.02172200	0.00000000	-0.02108035	0.97023181	0.24125888	0.00524062	-0.24120195	0.97046079	
0.99977882	0.02103099	0.00000000	-0.02042735	0.97108254	0.23786850	0.00500261	-0.23781589	0.97129737	
0.99984000	0.01788800	0.00000000	-0.01738163	0.97153689	0.23624977	0.00422604	-0.23621197	0.97169236	
0.99987443	0.01584700	0.00000000	-0.01540183	0.97178608	0.23536057	0.00372976	-0.23533102	0.97190812	
0.99992258	0.01244300	0.00000000	-0.01210886	0.97307039	0.23018991	0.00286425	-0.23017209	0.97314573	
0.99996260	0.00864900	0.00000000	-0.00842307	0.97384097	0.22707449	0.00196397	-0.22706599	0.97387739	
0.99997782	0.00666000	0.00000000	-0.00648698	0.97399931	0.22645809	0.00150821	-0.22645307	0.97402091	
0.99998199	0.00600100	0.00000000	-0.00584515	0.97401198	0.22642107	0.00135875	-0.22641699	0.97402952	
0.99998295	0.00583900	0.00000000	-0.00568788	0.97410285	0.22603382	0.00131981	-0.22602997	0.97411946	
0.99998144	0.00609200	0.00000000	-0.00593516	0.97423686	0.22544915	0.00137344	-0.22544497	0.97425494	
0.99999072	0.00430800	0.00000000	-0.00419832	0.97453273	0.22420602	0.00096588	-0.22420394	0.97454177	
0.99999344	0.00362200	0.00000000	-0.00352895	0.97430447	0.22520735	0.00081570	-0.22520588	0.97431086	
0.99998631	0.00523300	0.00000000	-0.00509583	0.97377456	0.22745801	0.00119029	-0.22745490	0.97378789	
0.99998459	0.00555200	0.00000000	-0.00540608	0.97370288	0.22775748	0.00126451	-0.22775397	0.97371789	
0.99998983	0.00451000	0.00000000	-0.00439178	0.97377720	0.22746136	0.00102585	-0.22745905	0.97378711	
0.99999205	0.00398700	0.00000000	-0.00388191	0.97363328	0.22808588	0.00090938	-0.22808407	0.97364102	
0.99999287	0.00377700	0.00000000	-0.00367843	0.97389512	0.22696865	0.00085726	-0.22696703	0.97390207	
0.99999287	0.00377600	0.00000000	-0.00367856	0.97418770	0.22570954	0.00085228	-0.22570793	0.97419464	
0.99999454	0.00330600	0.00000000	-0.00321992	0.97395622	0.22671329	0.00074951	-0.22671205	0.97396154	
0.99998928	0.00463100	0.00000000	-0.00450888	0.97361825	0.22813850	0.00105651	-0.22813606	0.97362869	
0.99998658	0.00518000	0.00000000	-0.00504465	0.97385791	0.22710203	0.00117639	-0.22709898	0.97387097	
0.99999888	0.00149900	0.00000000	-0.00146005	0.97401419	0.22648230	0.00033950	-0.22648204	0.97401528	
0.99999689	0.00249200	0.00000000	-0.00242597	0.97350032	0.22867279	0.00056985	-0.22867208	0.97350334	
0.99999342	0.00362900	0.00000000	-0.00353165	0.97316920	0.23006356	0.00083490	-0.23006205	0.97317560	
0.99999429	0.00337800	0.00000000	-0.00328804	0.97336218	0.22924935	0.00077440	-0.22924804	0.97336773	
0.99999142	0.00414200	0.00000000	-0.00403309	0.97369819	0.22780600	0.00094357	-0.22780404	0.97370654	
0.99999890	0.00148100	0.00000000	-0.00144291	0.97428348	0.22532113	0.00033370	-0.22532088	0.97428455	
0.99999920	-0.00126800	0.00000000	0.00123601	0.97477072	0.22320511	-0.00028302	-0.22320494	0.97477150	
0.99999929	-0.00119300	0.00000000	0.00116260	0.97451319	0.22432720	-0.00026762	-0.22432704	0.97451388	
0.99999891	-0.00147400	0.00000000	0.00143602	0.97423280	0.22554020	-0.00033245	-0.22553995	0.97423386	
0.99999926	-0.00121700	0.00000000	0.00118546	0.97408708	0.22617019	-0.00027525	-0.22617002	0.97408780	
0.99999993	-0.00036700	0.00000000	0.00035746	0.97401691	0.22647500	-0.00008312	-0.22647498	0.97401698	
0.99999995	0.00031400	0.00000000	-0.00030588	0.97414719	0.22591406	0.00007094	-0.22591404	0.97414724	
0.99999957	-0.00092400	0.00000000	0.00090042	0.97448450	0.22445298	-0.00020739	-0.22445289	0.97448492	
0.99999789	-0.00205600	0.00000000	0.00200313	0.97428217	0.22532252	-0.00046326	-0.22532204	0.97428423	
0.99999444	-0.00333400	0.00000000	0.00324829	0.97428719	0.22528630	-0.00075110	-0.22528504	0.97429261	
0.99998084	-0.00619100	0.00000000	0.00603398	0.97461747	0.22379540	-0.00138552	-0.22379111	0.97463615	
0.99997516	-0.00704800	0.00000000	0.00686854	0.97451284	0.22422653	-0.00158035	-0.22422096	0.97453705	
0.99997536	-0.00702000	0.00000000	0.00683932	0.97423779	0.22541951	-0.00158244	-0.22541395	0.97426180	
0.99998483	-0.00550800	0.00000000	0.00536719	0.97442166	0.22466333	-0.00123745	-0.22465992	0.97443645	
0.99997973	-0.00636700	0.00000000	0.00620705	0.97485822	0.22273957	-0.00141818	-0.22273505	0.97487799	
0.99997461	-0.00712600	0.00000000	0.00695085	0.97539528	0.22035366	-0.00157024	-0.22034806	0.97542005	
0.99997006	-0.00773800	0.00000000	0.00755178	0.97590444	0.21806763	-0.00168741	-0.21806110	0.97593366	
0.99995864	-0.00909500	0.00000000	0.00887647	0.97593228	0.21789307	-0.00198174	-0.21788406	0.97597265	
0.99995667	-0.00930900	0.00000000	0.00908461	0.97585297	0.21823945	-0.00203159	-0.21822999	0.97589525	
0.99995998	-0.00894600	0.00000000	0.00872635	0.97540738	0.22023690	-0.00197024	-0.22022809	0.97544641	
0.99995491	-0.00949600	0.00000000	0.00926233	0.97534911	0.22047296	-0.00209361	-0.22046302	0.97539309	
0.99995131	-0.00986800	0.00000000	0.00962406	0.97523225	0.22097382	-0.00218057	-0.22096306	0.97527974	
0.99995898	-0.00905800	0.00000000	0.00883039	0.97483171	0.22276707	-0.00201782	-0.22275793	0.97487170	
0.99997021	-0.00771900	0.00000000	0.00751995	0.97418339	0.22563281	-0.00174166	-0.22562609	0.97421242	
0.99997574	-0.00696600	0.00000000	0.00678140	0.97347646	0.22868666	-0.00159303	-0.22868111	0.97350008	
0.99996525	-0.00833700	0.00000000	0.00811831	0.97373442	0.22754201	-0.00189702	-0.22753410	0.97376827	
0.99994229	-0.01074300	0.00000000	0.01046557	0.97411979	0.22578998	-0.00242566	-0.22577695	0.97417600	
0.99992177	-0.01250800	0.00000000	0.01218938	0.97445022	0.22427259	-0.00280520	-0.22425505	0.97452645	
0.99990075	-0.01408900	0.00000000	0.01373220	0.97457872	0.22362413	-0.00315064	-0.22360193	0.97467546	
0.99991219	-0.01325200	0.00000000	0.01291574	0.97453994	0.22384164	-0.00296635	-0.22382199	0.97462553	
0.99994264	-0.01071100	0.00000000	0.01044002	0.97464507	0.22351284	-0.00239405	-0.22350002	0.97470099	
0.99995961	-0.00898800	0.00000000	0.00876359	0.97499364	0.22205989	-0.00199587	-0.22205092	0.97503303	
0.99996003	-0.00894100	0.00000000	0.00872288	0.97556500	0.21953778	-0.00196289	-0.21952900	0.97560400	
0.99994859	-0.01014000	0.00000000	0.00989533	0.97582007	0.21835124	-0.00221408	-0.21834002	0.97587024	
0.99992493	-0.01225300	0.00000000	0.01195617	0.97570199	0.21877542	-0.00268066	-0.21875900	0.97577524	
0.99988070	-0.01544600	0.00000000	0.01507412	0.97580777	0.21810997	-0.00336893	-0.21808395	0.97592420	
0.99987142	-0.01603600	0.00000000	0.01564211	0.97531187	0.22027729	-0.00353237	-0.22024897	0.97543729	
0.99985010	-0.01731399	0.00000000	0.01688999	0.97536471	0.21995091	-0.00380823	-0.21991794	0.97551094	
0.99985642	-0.01694501	0.00000000	0.01653086	0.97541939	0.21973564	-0.00372342	-0.21970409	0.97555945	
0.99990641	-0.01368100	0.00000000	0.01335292	0.97592788	0.21768435	-0.00297814	-0.21766397	0.97601922	
0.99991501	-0.01303700	0.00000000	0.01273642	0.97686109	0.21349516	-0.00278334	-0.21347702	0.97694412	
0.99991233	-0.01324100	0.00000000	0.01294901	0.97786210	0.20884933	-0.00276537	-0.20883102	0.97794783	
0.99989909	-0.01420600	0.00000000	0.01390168	0.97847981	0.20587374	-0.00292464	-0.20585296	0.97857856	
0.99988160	-0.01538800	0.00000000	0.01506352	0.97879717	0.20427722	-0.00314342	-0.20425304	0.97891308	
0.99985472	-0.01704500	0.00000000	0.01669104	0.97909191	0.20273243	-0.00345557	-0.20270298	0.97923417	
0.99983504	-0.01816299	0.00000000	0.01777723	0.97859973	0.20500376	-0.00372348	-0.20496994	0.97876119	
0.99983023	-0.01842599	0.00000000	0.01802830	0.97825052	0.20664198	-0.00380758	-0.20660690	0.97841662	
0.99983282	-0.01828500	0.00000000	0.01788755	0.97810016	0.20736470	-0.00379166	-0.20733003	0.97826371	
0.99981472	-0.01924901	0.00000000	0.01883595	0.97836032	0.20604924	-0.00396624	-0.20601107	0.97854162	
0.99981514	-0.01922701	0.00000000	0.01881168	0.97821752	0.20672833	-0.00397477	-0.20669011	0.97839838	
0.99980898	-0.01954500	0.00000000	0.01911697	0.97791310	0.20813578	-0.00406801	-0.20809602	0.97809994	
0.99976388	-0.02172999	0.00000000	0.02126201	0.97823272	0.20641868	-0.00448548	-0.20636994	0.97846376	
0.99969995	-0.02449500	0.00000000	0.02397779	0.97859116	0.20441237	-0.00500708	-0.20435103	0.97888487	
0.99967408	-0.02552899	0.00000000	0.02498864	0.97851480	0.20465666	-0.00522468	-0.20458996	0.97883382	
0.99968386	-0.02514299	0.00000000	0.02460398	0.97825273	0.20595205	-0.00517825	-0.20588694	0.97856208	
0.99968112	-0.02525199	0.00000000	0.02470773	0.97813464	0.20649977	-0.00521453	-0.20643392	0.97844665	
0.99969419	-0.02472899	0.00000000	0.02419658	0.97817078	0.20638907	-0.00510379	-0.20632595	0.97847001	
0.99967744	-0.02539701	0.00000000	0.02486614	0.97878143	0.20339269	-0.00516557	-0.20332709	0.97909724	
0.99962274	-0.02746601	0.00000000	0.02690817	0.97932027	0.20051870	-0.00550745	-0.20044306	0.97968987	
0.99959865	-0.02832899	0.00000000	0.02775196	0.97923775	0.20080654	-0.00568865	-0.20072595	0.97963092	
0.99952093	-0.03095000	0.00000000	0.03033092	0.97952791	0.19901032	-0.00615937	-0.19891498	0.97999739	
0.99948672	-0.03203599	0.00000000	0.03139170	0.97938563	0.19954535	-0.00639263	-0.19944292	0.97988859	
0.99945565	-0.03299102	0.00000000	0.03232902	0.97940050	0.19932260	-0.00657586	-0.19921410	0.97993393	
0.99945446	-0.03302700	0.00000000	0.03236872	0.97953393	0.19865936	-0.00656112	-0.19855099	0.98006860	
0.99947170	-0.03250099	0.00000000	0.03186773	0.97999770	0.19644072	-0.00638452	-0.19633694	0.98051570	
0.99946789	-0.03261799	0.00000000	0.03201028	0.98084667	0.19213317	-0.00626700	-0.19203094	0.98136886	
0.99941938	-0.03407198	0.00000000	0.03347088	0.98178754	0.18701049	-0.00637182	-0.18690191	0.98235792	
0.99936822	-0.03554100	0.00000000	0.03492631	0.98208396	0.18517898	-0.00658145	-0.18506199	0.98270481	
0.99932136	-0.03683499	0.00000000	0.03619302	0.98190486	0.18588412	-0.00684704	-0.18575797	0.98257167	
0.99928252	-0.03787400	0.00000000	0.03720024	0.98150588	0.18778271	-0.00711208	-0.18764798	0.98221060	
0.99927366	-0.03810700	0.00000000	0.03741604	0.98115488	0.18956567	-0.00722378	-0.18942798	0.98186805	
0.99923960	-0.03898998	0.00000000	0.03829554	0.98144250	0.18789378	-0.00732597	-0.18775090	0.98218935	
0.99921232	-0.03968300	0.00000000	0.03896928	0.98124095	0.18880571	-0.00749238	-0.18865699	0.98201446	
0.99919631	-0.04008398	0.00000000	0.03934377	0.98074459	0.19129066	-0.00766769	-0.19113692	0.98153344	
0.99920643	-0.03983099	0.00000000	0.03907370	0.98020881	0.19407197	-0.00773008	-0.19391796	0.98098729	
0.99922938	-0.03925099	0.00000000	0.03849829	0.98006765	0.19489812	-0.00764994	-0.19474793	0.98082349	
0.99914112	-0.04143698	0.00000000	0.04064947	0.98015253	0.19403256	-0.00804012	-0.19386591	0.98099509	
0.99907628	-0.04297199	0.00000000	0.04216632	0.98034483	0.19273300	-0.00828212	-0.19255497	0.98125124	
0.99905586	-0.04344398	0.00000000	0.04261501	0.97999256	0.19441847	-0.00844631	-0.19423491	0.98091868	
0.99899023	-0.04492799	0.00000000	0.04407424	0.98000682	0.19402088	-0.00871697	-0.19382496	0.98099740	
0.99899207	-0.04488699	0.00000000	0.04403115	0.97994476	0.19434384	-0.00872351	-0.19414795	0.98093347	
0.99897397	-0.04528798	0.00000000	0.04442816	0.98000765	0.19393591	-0.00878297	-0.19373693	0.98101420	
0.99894843	-0.04584799	0.00000000	0.04497593	0.97994779	0.19411208	-0.00889965	-0.19390796	0.98097936	
0.99894452	-0.04593300	0.00000000	0.04505758	0.97990598	0.19430408	-0.00892497	-0.19409900	0.98094135	
0.99882876	-0.04838500	0.00000000	0.04746593	0.97985605	0.19398221	-0.00938583	-0.19375501	0.98100505	
0.99875786	-0.04982699	0.00000000	0.04889173	0.98001090	0.19284252	-0.00960876	-0.19260298	0.98122972	
0.99859478	-0.05299500	0.00000000	0.05201843	0.98019309	0.19109054	-0.01012684	-0.19082202	0.98157241	
0.99845880	-0.05549798	0.00000000	0.05445178	0.97963666	0.19325378	-0.01072519	-0.19295593	0.98114881	
0.99846823	-0.05532800	0.00000000	0.05427918	0.97954093	0.19378682	-0.01072184	-0.19348999	0.98104366	
0.99842993	-0.05601498	0.00000000	0.05493050	0.97909970	0.19582240	-0.01096899	-0.19551494	0.98063938	
0.99835459	-0.05734200	0.00000000	0.05624934	0.97933094	0.19428567	-0.01114073	-0.19396599	0.98094499	
0.99829262	-0.05841102	0.00000000	0.05733423	0.97988933	0.19112739	-0.01116395	-0.19080106	0.98156524	
0.99809208	-0.06174298	0.00000000	0.06064993	0.98042264	0.18733134	-0.01156639	-0.18697393	0.98229678	
0.99802122	-0.06287804	0.00000000	0.06176990	0.98043257	0.18691297	-0.01175272	-0.18654311	0.98237648	
0.99803663	-0.06263299	0.00000000	0.06152002	0.98030185	0.18767946	-0.01175493	-0.18731097	0.98223033	
0.99802324	-0.06284601	0.00000000	0.06174610	0.98055619	0.18627125	-0.01170641	-0.18590304	0.98249836	
0.99803518	-0.06265601	0.00000000	0.06156308	0.98062613	0.18596341	-0.01165172	-0.18559802	0.98255667	
0.99817468	-0.06039298	0.00000000	0.05931790	0.98040570	0.18784582	-0.01134457	-0.18750294	0.98219853	
0.99822401	-0.05957198	0.00000000	0.05850081	0.98027473	0.18878323	-0.01124619	-0.18844795	0.98201878	
0.99827878	-0.05864700	0.00000000	0.05760388	0.98052296	0.18776718	-0.01101198	-0.18744399	0.98221356	
0.99823741	-0.05934701	0.00000000	0.05828798	0.98042420	0.18807153	-0.01116148	-0.18774004	0.98215533	
0.99806065	-0.06224899	0.00000000	0.06114787	0.98040589	0.18725714	-0.01165657	-0.18689398	0.98231093	
0.99818724	-0.06018502	0.00000000	0.05912728	0.98064435	0.18665643	-0.01123392	-0.18631807	0.98242525	
0.99835654	-0.05730802	0.00000000	0.05629751	0.98075241	0.18696334	-0.01071450	-0.18665608	0.98236689	
0.99840288	-0.05649498	0.00000000	0.05553296	0.98140170	0.18375743	-0.01038137	-0.18346394	0.98297162	
0.99842869	-0.05603699	0.00000000	0.05511245	0.98195589	0.18090123	-0.01013716	-0.18061698	0.98350127	
0.99840446	-0.05646703	0.00000000	0.05556296	0.98241951	0.17822646	-0.01006392	-0.17794209	0.98398950	
0.99856302	-0.05359001	0.00000000	0.05274514	0.98282022	0.17686820	-0.00947837	-0.17661404	0.98423455	
0.99872239	-0.05053302	0.00000000	0.04975437	0.98333335	0.17487148	-0.00883678	-0.17464806	0.98459127	
0.99875552	-0.04987399	0.00000000	0.04914083	0.98407372	0.17083355	-0.00852015	-0.17062095	0.98529990	
0.99883403	-0.04827600	0.00000000	0.04760249	0.98489900	0.16645708	-0.00803588	-0.16626300	0.98604870	
0.99886448	-0.04764200	0.00000000	0.04698381	0.98506492	0.16564909	-0.00789185	-0.16546099	0.98618476	
0.99889813	-0.04693098	0.00000000	0.04628587	0.98516751	0.16523498	-0.00775464	-0.16505292	0.98625423	
0.99896575	-0.04546899	0.00000000	0.04483394	0.98501368	0.16654720	-0.00757273	-0.16637495	0.98603348	
0.99898946	-0.04494503	0.00000000	0.04432754	0.98526460	0.16519303	-0.00742461	-0.16502610	0.98626125	
0.99902928	-0.04405099	0.00000000	0.04345490	0.98551072	0.16395210	-0.00722225	-0.16379295	0.98646830	
0.99902460	-0.04415700	0.00000000	0.04358466	0.98607593	0.16048252	-0.00708643	-0.16032599	0.98703868	
0.99899450	-0.04483299	0.00000000	0.04426063	0.98624076	0.15928012	-0.00714100	-0.15911996	0.98723343	
0.99907675	-0.04296099	0.00000000	0.04240865	0.98623179	0.15983854	-0.00686682	-0.15969097	0.98714317	
0.99915549	-0.04108901	0.00000000	0.04055143	0.98608320	0.16123119	-0.00662483	-0.16109503	0.98691666	
0.99921081	-0.03972101	0.00000000	0.03918732	0.98578529	0.16337598	-0.00648946	-0.16324705	0.98656388	
0.99930851	-0.03718199	0.00000000	0.03668263	0.98588765	0.16333989	-0.00607330	-0.16322694	0.98656986	
0.99936737	-0.03556500	0.00000000	0.03507982	0.98573404	0.16461415	-0.00585450	-0.16451001	0.98635804	
0.99939461	-0.03479098	0.00000000	0.03431667	0.98576951	0.16456254	-0.00572529	-0.16446292	0.98636665	
0.99936144	-0.03573100	0.00000000	0.03526053	0.98620289	0.16174226	-0.00577921	-0.16163898	0.98683304	
0.99935449	-0.03592499	0.00000000	0.03545006	0.98614285	0.16206659	-0.00582224	-0.16196197	0.98677982	
0.99939590	-0.03475400	0.00000000	0.03428020	0.98577114	0.16456043	-0.00571913	-0.16446102	0.98636700	
0.99946118	-0.03282300	0.00000000	0.03236059	0.98538090	0.16726411	-0.00549011	-0.16717398	0.98591213	
0.99947183	-0.03249702	0.00000000	0.03202984	0.98510348	0.16895332	-0.00549048	-0.16886408	0.98562405	
0.99946721	-0.03263900	0.00000000	0.03217125	0.98514385	0.16869085	-0.00550590	-0.16860097	0.98566901	
0.99936601	-0.03560300	0.00000000	0.03508097	0.98471288	0.17061615	-0.00607445	-0.17050798	0.98533757	
0.99929358	-0.03758100	0.00000000	0.03702559	0.98452503	0.17128800	-0.00643717	-0.17116700	0.98522100	
0.99924758	-0.03878499	0.00000000	0.03820473	0.98429782	0.17233164	-0.00668388	-0.17220197	0.98503899	
0.99925064	-0.03870602	0.00000000	0.03811007	0.98386542	0.17480407	-0.00676597	-0.17467307	0.98460324	
0.99927797	-0.03799401	0.00000000	0.03741610	0.98407830	0.17375251	-0.00660155	-0.17362705	0.98478935	
0.99927118	-0.03817200	0.00000000	0.03760025	0.98430393	0.17242966	-0.00658198	-0.17230399	0.98502183	
0.99924217	-0.03892400	0.00000000	0.03836557	0.98490612	0.16878393	-0.00656975	-0.16865602	0.98565308	
0.99916279	-0.04091100	0.00000000	0.04034171	0.98525906	0.16624419	-0.00680122	-0.16610501	0.98608462	
0.99909694	-0.04248898	0.00000000	0.04190754	0.98542463	0.16486983	-0.00700515	-0.16472094	0.98631534	
0.99908939	-0.04266602	0.00000000	0.04207025	0.98513854	0.16652973	-0.00710516	-0.16637809	0.98603643	
0.99911028	-0.04217401	0.00000000	0.04157642	0.98495326	0.16774529	-0.00707449	-0.16759604	0.98583037	
0.99913801	-0.04151199	0.00000000	0.04092089	0.98491086	0.16815492	-0.00698045	-0.16800998	0.98576058	
0.99903166	-0.04399699	0.00000000	0.04336018	0.98457172	0.16952411	-0.00745855	-0.16935995	0.98552604	
0.99899777	-0.04475999	0.00000000	0.04410181	0.98430779	0.17086020	-0.00764770	-0.17068896	0.98529528	
0.99896557	-0.04547298	0.00000000	0.04478877	0.98393461	0.17281970	-0.00785863	-0.17264093	0.98495348	
0.99888645	-0.04717900	0.00000000	0.04642483	0.98291894	0.17808730	-0.00840198	-0.17788899	0.98401469	
0.99890194	-0.04684998	0.00000000	0.04609518	0.98280866	0.17878025	-0.00837585	-0.17858394	0.98388903	
0.99893448	-0.04615099	0.00000000	0.04543818	0.98350576	0.17507651	-0.00807995	-0.17488996	0.98455483	
0.99897429	-0.04528100	0.00000000	0.04461136	0.98420094	0.17134274	-0.00775857	-0.17116699	0.98521148	
0.99904343	-0.04372898	0.00000000	0.04310022	0.98467862	0.16896857	-0.00738882	-0.16880694	0.98562144	
0.99906138	-0.04331701	0.00000000	0.04270535	0.98495415	0.16745620	-0.00725370	-0.16729903	0.98587952	
0.99901281	-0.04442299	0.00000000	0.04382398	0.98554184	0.16366654	-0.00727056	-0.16350497	0.98651572	
0.99891092	-0.04665799	0.00000000	0.04603680	0.98561171	0.16263507	-0.00758823	-0.16245795	0.98668629	
0.99889008	-0.04710202	0.00000000	0.04647997	0.98569832	0.16198284	-0.00762972	-0.16180305	0.98679358	
0.99897048	-0.04536500	0.00000000	0.04477063	0.98588201	0.16134511	-0.00731942	-0.16117900	0.98689805	
0.99892336	-0.04639101	0.00000000	0.04579433	0.98607526	0.15987016	-0.00741654	-0.15969804	0.98713805	
0.99897039	-0.04536702	0.00000000	0.04476366	0.98568448	0.16254944	-0.00737438	-0.16238208	0.98670040	
0.99898130	-0.04512599	0.00000000	0.04452892	0.98576368	0.16213311	-0.00731642	-0.16196795	0.98676890	
0.99895690	-0.04566299	0.00000000	0.04506673	0.98591270	0.16107497	-0.00735516	-0.16090695	0.98694217	
0.99902761	-0.04408900	0.00000000	0.04352563	0.98626203	0.15935096	-0.00702562	-0.15919600	0.98722200	
0.99913385	-0.04161199	0.00000000	0.04111242	0.98713879	0.15448878	-0.00642859	-0.15435497	0.98799454	
0.99916578	-0.04083802	0.00000000	0.04037590	0.98785937	0.15001220	-0.00612620	-0.14988706	0.98868415	
0.99921327	-0.03965899	0.00000000	0.03922507	0.98828065	0.14752201	-0.00585057	-0.14740595	0.98905877	
0.99935449	-0.03592502	0.00000000	0.03554394	0.98875355	0.14526885	-0.00521879	-0.14517508	0.98939222	
0.99940494	-0.03449299	0.00000000	0.03412967	0.98887784	0.14476112	-0.00499324	-0.14467498	0.98946663	
0.99943020	-0.03375301	0.00000000	0.03340571	0.98914639	0.14308559	-0.00482957	-0.14300406	0.98971032	
0.99939241	-0.03485400	0.00000000	0.03450580	0.98940813	0.14099969	-0.00491440	-0.14091402	0.99000964	
0.99937464	-0.03535999	0.00000000	0.03500649	0.98938377	0.14104717	-0.00498743	-0.14095897	0.99000288	
0.99944093	-0.03343400	0.00000000	0.03309469	0.98929798	0.14210645	-0.00475119	-0.14202700	0.98985138	
0.99952369	-0.03086099	0.00000000	0.03054489	0.98928576	0.14276096	-0.00440575	-0.14269297	0.98975720	
0.99957863	-0.02902699	0.00000000	0.02873392	0.98948657	0.14174166	-0.00411433	-0.14168194	0.98990368	
0.99957216	-0.02924899	0.00000000	0.02896259	0.98978465	0.13959768	-0.00408309	-0.13953795	0.99020831	
0.99957662	-0.02909599	0.00000000	0.02882337	0.99021077	0.13657179	-0.00397369	-0.13651397	0.99063018	
0.99957915	-0.02900900	0.00000000	0.02874115	0.99034984	0.13557704	-0.00393295	-0.13551998	0.99076681	
0.99960004	-0.02828001	0.00000000	0.02801201	0.99012725	0.13734397	-0.00388409	-0.13728903	0.99052341	
0.99966648	-0.02582499	0.00000000	0.02557059	0.98981877	0.14001767	-0.00361596	-0.13997097	0.99014901	
0.99970905	-0.02412100	0.00000000	0.02388372	0.98987490	0.13991870	-0.00337498	-0.13987799	0.99016300	
0.99971514	-0.02386699	0.00000000	0.02363528	0.99000965	0.13900455	-0.00331762	-0.13896495	0.99029174	
0.99972896	-0.02328099	0.00000000	0.02305598	0.99006665	0.13869554	-0.00322897	-0.13865795	0.99033507	
0.99971452	-0.02389300	0.00000000	0.02365788	0.98987690	0.13994294	-0.00334366	-0.13990299	0.99015957	
0.99977321	-0.02129601	0.00000000	0.02107512	0.98940331	0.14365562	-0.00305929	-0.14362304	0.98962774	
0.99980010	-0.01999400	0.00000000	0.01978796	0.98949714	0.14319164	-0.00286297	-0.14316302	0.98969498	
0.99984281	-0.01773001	0.00000000	0.01754574	0.98945141	0.14379866	-0.00254955	-0.14377606	0.98960696	
0.99985993	-0.01673700	0.00000000	0.01657324	0.99007709	0.13954456	-0.00233556	-0.13952501	0.99021579	
0.99980568	-0.01971301	0.00000000	0.01953281	0.99066637	0.13490226	-0.00265933	-0.13487605	0.99085891	
0.99978284	-0.02083900	0.00000000	0.02065031	0.99072998	0.13426715	-0.00279799	-0.13423800	0.99094517	
0.99978509	-0.02073101	0.00000000	0.02053092	0.99013535	0.13860184	-0.00287336	-0.13857205	0.99034819	
0.99979582	-0.02020700	0.00000000	0.01999626	0.98936903	0.14404542	-0.00291073	-0.14401600	0.98957108	
0.99982279	-0.01882500	0.00000000	0.01862150	0.98901479	0.14663895	-0.00276048	-0.14661297	0.98919008	
0.99982689	-0.01860600	0.00000000	0.01840609	0.98908406	0.14619832	-0.00272017	-0.14617301	0.98925530	
0.99982484	-0.01871599	0.00000000	0.01851098	0.98887273	0.14760781	-0.00276263	-0.14758196	0.98904597	
0.99980923	-0.01953200	0.00000000	0.01931770	0.98883978	0.14772515	-0.00288537	-0.14769697	0.98902845	
0.99975742	-0.02202499	0.00000000	0.02178938	0.98906256	0.14587832	-0.00321297	-0.14584293	0.98930254	
0.99972936	-0.02326401	0.00000000	0.02301492	0.98902532	0.14594255	-0.00339521	-0.14590305	0.98929307	
0.99969863	-0.02454900	0.00000000	0.02429595	0.98939389	0.14321114	-0.00351569	-0.14316798	0.98969216	
0.99957426	-0.02917699	0.00000000	0.02890449	0.99023869	0.13635201	-0.00397834	-0.13629396	0.99066045	
0.99951066	-0.03128000	0.00000000	0.03099992	0.99056111	0.13352035	-0.00417652	-0.13345502	0.99104607	
0.99945191	-0.03310401	0.00000000	0.03279722	0.99018936	0.13582849	-0.00449647	-0.13575405	0.99073237	
0.99946433	-0.03272700	0.00000000	0.03237786	0.98880195	0.14567903	-0.00476764	-0.14560099	0.98933191	
0.99950753	-0.03138000	0.00000000	0.03102455	0.98818591	0.15008690	-0.00470973	-0.15001299	0.98867281	
0.99953568	-0.03047001	0.00000000	0.03010830	0.98767020	0.15362636	-0.00468100	-0.15355503	0.98812901	
0.99947475	-0.03240701	0.00000000	0.03200721	0.98714440	0.15659331	-0.00507472	-0.15651106	0.98766317	
0.99937453	-0.03536300	0.00000000	0.03490315	0.98637904	0.16074255	-0.00568434	-0.16064201	0.98699637	
0.99934057	-0.03630999	0.00000000	0.03581412	0.98569286	0.16470259	-0.00598035	-0.16459398	0.98634328	
0.99938854	-0.03496501	0.00000000	0.03444845	0.98462418	0.17125575	-0.00598796	-0.17115103	0.98522661	
0.99938493	-0.03506801	0.00000000	0.03453209	0.98411220	0.17415715	-0.00610734	-0.17405004	0.98471787	
0.99936786	-0.03555100	0.00000000	0.03501345	0.98425697	0.17324051	-0.00615887	-0.17313099	0.98487955	
0.99925509	-0.03859101	0.00000000	0.03802022	0.98447534	0.17135570	-0.00661279	-0.17122806	0.98520923	
0.99914269	-0.04139901	0.00000000	0.04079259	0.98450718	0.17053323	-0.00705991	-0.17038703	0.98535193	
0.99902182	-0.04422002	0.00000000	0.04355565	0.98401239	0.17269199	-0.00763644	-0.17252307	0.98497588	
0.99903224	-0.04398399	0.00000000	0.04326488	0.98269870	0.18008723	-0.00792095	-0.17991295	0.98365064	
0.99900742	-0.04454401	0.00000000	0.04380097	0.98234313	0.18188856	-0.00810205	-0.18170802	0.98331915	
0.99879121	-0.04915401	0.00000000	0.04836305	0.98271917	0.17867301	-0.00878249	-0.17845703	0.98390851	
0.99863466	-0.05223801	0.00000000	0.05139414	0.98250225	0.17901947	-0.00935162	-0.17877505	0.98384553	
0.99859064	-0.05307299	0.00000000	0.05218489	0.98188077	0.18217270	-0.00966845	-0.18191596	0.98326655	
0.99868015	-0.05136100	0.00000000	0.05045069	0.98097991	0.18743837	-0.00962702	-0.18719098	0.98227636	
0.99873285	-0.05032597	0.00000000	0.04941193	0.98059346	0.18972330	-0.00954801	-0.18948290	0.98183760	
0.99869088	-0.05115199	0.00000000	0.05025047	0.98108973	0.18691664	-0.00956116	-0.18667195	0.98237578	
0.99858260	-0.05322398	0.00000000	0.05231069	0.98144762	0.18445638	-0.00981750	-0.18419493	0.98284070	
0.99852885	-0.05422301	0.00000000	0.05329092	0.98136419	0.18461964	-0.01001063	-0.18434804	0.98281005	
0.99849433	-0.05485503	0.00000000	0.05389604	0.98103850	0.18616840	-0.01021227	-0.18588810	0.98251785	
0.99866147	-0.05172299	0.00000000	0.05077385	0.98033572	0.19069319	-0.00986322	-0.19043795	0.98164969	
0.99874586	-0.05006701	0.00000000	0.04913722	0.98019818	0.19182561	-0.00960413	-0.19158503	0.98142903	
0.99885458	-0.04784902	0.00000000	0.04695522	0.98019640	0.19238043	-0.00920522	-0.19216008	0.98132042	
0.99891978	-0.04646799	0.00000000	0.04557866	0.97980184	0.19470730	-0.00904766	-0.19449697	0.98086139	
0.99894033	-0.04602399	0.00000000	0.04512126	0.97934676	0.19708880	-0.00907081	-0.19687995	0.98038564	
0.99890203	-0.04684800	0.00000000	0.04590566	0.97880909	0.19956313	-0.00934913	-0.19934402	0.97988497	
0.99893424	-0.04615600	0.00000000	0.04519627	0.97816307	0.20286522	-0.00936345	-0.20264902	0.97920667	
0.99890376	-0.04681100	0.00000000	0.04583740	0.97812801	0.20289042	-0.00949750	-0.20266800	0.97920145	
0.99881028	-0.04876499	0.00000000	0.04776834	0.97839684	0.20114127	-0.00980865	-0.20090197	0.97956224	
0.99869119	-0.05114601	0.00000000	0.05012212	0.97869827	0.19909163	-0.01018274	-0.19883105	0.97998088	
0.99865738	-0.05180197	0.00000000	0.05078399	0.97903241	0.19727274	-0.01021912	-0.19700788	0.98034864	
0.99866809	-0.05159503	0.00000000	0.05059066	0.97922756	0.19635164	-0.01013077	-0.19609011	0.98053355	
0.99860648	-0.05277397	0.00000000	0.05178409	0.97987550	0.19277554	-0.01017353	-0.19250690	0.98124288	
0.99845563	-0.05555501	0.00000000	0.05455918	0.98055820	0.18849114	-0.01047163	-0.18820004	0.98207489	
0.99835396	-0.05735303	0.00000000	0.05636198	0.98110251	0.18509777	-0.01061592	-0.18479310	0.98272011	
0.99830727	-0.05816001	0.00000000	0.05715773	0.98110320	0.18484994	-0.01075087	-0.18453704	0.98276676	
0.99834055	-0.05758599	0.00000000	0.05660420	0.98131977	0.18386808	-0.01058822	-0.18356296	0.98295093	
0.99832001	-0.05794099	0.00000000	0.05699634	0.98204381	0.17983709	-0.01041994	-0.17953496	0.98369641	
0.99818814	-0.06016999	0.00000000	0.05927916	0.98340978	0.17143858	-0.01031546	-0.17112796	0.98519481	
0.99808329	-0.06188501	0.00000000	0.06101477	0.98404810	0.16711232	-0.01034175	-0.16679202	0.98593786	
0.99802852	-0.06276201	0.00000000	0.06188493	0.98408123	0.16659648	-0.01045593	-0.16626804	0.98602516	
0.99803192	-0.06270797	0.00000000	0.06180970	0.98373546	0.16865383	-0.01057594	-0.16832191	0.98567534	
0.99811066	-0.06144199	0.00000000	0.06052879	0.98327590	0.17176951	-0.01055386	-0.17144498	0.98513716	
0.99814637	-0.06085900	0.00000000	0.05994823	0.98320893	0.17235547	-0.01048938	-0.17203599	0.98503482	
0.99805797	-0.06229198	0.00000000	0.06141013	0.98392871	0.16766957	-0.01044447	-0.16734395	0.98584325	
0.99803035	-0.06273297	0.00000000	0.06186601	0.98423759	0.16567726	-0.01039343	-0.16535093	0.98618003	
0.99804208	-0.06254600	0.00000000	0.06167747	0.98418304	0.16607116	-0.01038709	-0.16574601	0.98611377	
0.99809091	-0.06176197	0.00000000	0.06088207	0.98387150	0.16819702	-0.01038818	-0.16787592	0.98575340	
0.99807994	-0.06193900	0.00000000	0.06105890	0.98389804	0.16797753	-0.01040436	-0.16765501	0.98579082	
0.99801731	-0.06294002	0.00000000	0.06205634	0.98400524	0.16698111	-0.01050979	-0.16665004	0.98596009	
0.99790353	-0.06471902	0.00000000	0.06388866	0.98510026	0.15967379	-0.01033393	-0.15933904	0.98716983	
0.99772380	-0.06743302	0.00000000	0.06661660	0.98564430	0.15513717	-0.01046137	-0.15478405	0.98789294	
0.99760607	-0.06915299	0.00000000	0.06829737	0.98526283	0.15682039	-0.01084460	-0.15644497	0.98762714	
0.99768048	-0.06807099	0.00000000	0.06718812	0.98474082	0.16053433	-0.01092773	-0.16016197	0.98703026	
0.99772874	-0.06735997	0.00000000	0.06647938	0.98468558	0.16116698	-0.01085620	-0.16080093	0.98692715	
0.99781015	-0.06614302	0.00000000	0.06527406	0.98470135	0.16156285	-0.01068626	-0.16120906	0.98686242	
0.99776089	-0.06688197	0.00000000	0.06600590	0.98469153	0.16132515	-0.01078974	-0.16096392	0.98690131	
0.99772907	-0.06735503	0.00000000	0.06648117	0.98478450	0.16056070	-0.01081457	-0.16019608	0.98702597	
0.99773494	-0.06726798	0.00000000	0.06638381	0.98462073	0.16160199	-0.01087064	-0.16123596	0.98685602	
0.99768334	-0.06802903	0.00000000	0.06712727	0.98445847	0.16228203	-0.01103989	-0.16190608	0.98674442	
0.99754130	-0.07008100	0.00000000	0.06918911	0.98484602	0.15903201	-0.01114512	-0.15864100	0.98727343	
0.99740312	-0.07202100	0.00000000	0.07112185	0.98495100	0.15752207	-0.01134490	-0.15711300	0.98751547	
0.99741300	-0.07188401	0.00000000	0.07100612	0.98523210	0.15580709	-0.01120004	-0.15540402	0.98778750	
0.99737589	-0.07239704	0.00000000	0.07152182	0.98531850	0.15502287	-0.01122320	-0.15461608	0.98791088	
0.99737459	-0.07241501	0.00000000	0.07153630	0.98527211	0.15531077	-0.01124683	-0.15490302	0.98786566	
0.99734627	-0.07280402	0.00000000	0.07192031	0.98524029	0.15533526	-0.01130903	-0.15492305	0.98786181	
0.99723645	-0.07429303	0.00000000	0.07339353	0.98516244	0.15513980	-0.01152581	-0.15471107	0.98789252	
0.99719901	-0.07479398	0.00000000	0.07388514	0.98508179	0.15541829	-0.01162435	-0.15498297	0.98784875	
0.99708880	-0.07624904	0.00000000	0.07533357	0.98511751	0.15449384	-0.01178001	-0.15404408	0.98799375	
0.99692654	-0.07834200	0.00000000	0.07742710	0.98528405	0.15238235	-0.01193794	-0.15191401	0.98832162	
0.99694341	-0.07812701	0.00000000	0.07722649	0.98545218	0.15139378	-0.01182794	-0.15093103	0.98847353	
0.99699499	-0.07746601	0.00000000	0.07655655	0.98529017	0.15278214	-0.01183542	-0.15232303	0.98825989	
0.99688981	-0.07880803	0.00000000	0.07789192	0.98530140	0.15203291	-0.01198141	-0.15156006	0.98837543	
0.99697780	-0.07768702	0.00000000	0.07675221	0.98498122	0.15466446	-0.01201542	-0.15419703	0.98796706	
0.99701129	-0.07725599	0.00000000	0.07631991	0.98493091	0.15519783	-0.01198996	-0.15473399	0.98788341	
0.99700299	-0.07736299	0.00000000	0.07645077	0.98524688	0.15311387	-0.01184535	-0.15265498	0.98820855	
0.99698846	-0.07755002	0.00000000	0.07665011	0.98541920	0.15190048	-0.01177989	-0.15144303	0.98839579	
0.99703634	-0.07693202	0.00000000	0.07605979	0.98573225	0.15015605	-0.01155181	-0.14971104	0.98866231	
0.99708812	-0.07625801	0.00000000	0.07541543	0.98607115	0.14824369	-0.01130477	-0.14781202	0.98895086	
0.99722565	-0.07443796	0.00000000	0.07360544	0.98607251	0.14914170	-0.01110180	-0.14872793	0.98881583	
0.99734079	-0.07287900	0.00000000	0.07205183	0.98602106	0.15023652	-0.01094909	-0.14983701	0.98865008	
0.99745105	-0.07135400	0.00000000	0.07055064	0.98622099	0.14963541	-0.01067709	-0.14925400	0.98874124	
0.99733165	-0.07300398	0.00000000	0.07224417	0.98695167	0.14389993	-0.01050527	-0.14351595	0.98959224	
0.99728098	-0.07369299	0.00000000	0.07294207	0.98711886	0.14239315	-0.01049338	-0.14200598	0.98981018	
0.99725891	-0.07399097	0.00000000	0.07324611	0.98721963	0.14153591	-0.01047238	-0.14114795	0.98993312	
0.99724234	-0.07421403	0.00000000	0.07347759	0.98734646	0.14052759	-0.01042912	-0.14014007	0.99007676	
0.99733436	-0.07296697	0.00000000	0.07221562	0.98706462	0.14313750	-0.01044431	-0.14275594	0.98970281	
0.99751369	-0.07047302	0.00000000	0.06968004	0.98628932	0.14959298	-0.01054227	-0.14922105	0.98874766	
0.99775230	-0.06701002	0.00000000	0.06621664	0.98593923	0.15342489	-0.01028100	-0.15308004	0.98816031	
0.99770396	-0.06772597	0.00000000	0.06693438	0.98604260	0.15244596	-0.01032455	-0.15209594	0.98831181	
0.99764548	-0.06858198	0.00000000	0.06777198	0.98586264	0.15323775	-0.01050935	-0.15287694	0.98818935	
0.99766175	-0.06834499	0.00000000	0.06749615	0.98527089	0.15711636	-0.01073812	-0.15674898	0.98758010	
0.99781645	-0.06604797	0.00000000	0.06518642	0.98480057	0.16099246	-0.01063323	-0.16064093	0.98695564	
0.99797483	-0.06360998	0.00000000	0.06275880	0.98462071	0.16304414	-0.01037123	-0.16271395	0.98661878	
0.99803273	-0.06269503	0.00000000	0.06185990	0.98473846	0.16267610	-0.01019898	-0.16235608	0.98667953	
0.99798457	-0.06345699	0.00000000	0.06263772	0.98509991	0.16017080	-0.01016396	-0.15984799	0.98708931	
0.99809672	-0.06166798	0.00000000	0.06085642	0.98496161	0.16170070	-0.00997175	-0.16139294	0.98683985	
0.99819013	-0.06013702	0.00000000	0.05929467	0.98420828	0.16678791	-0.01003013	-0.16648605	0.98599280	
0.99825710	-0.05901500	0.00000000	0.05815719	0.98374700	0.16988109	-0.01002553	-0.16958500	0.98546457	
0.99833732	-0.05764203	0.00000000	0.05677423	0.98330744	0.17286750	-0.00996443	-0.17258008	0.98494509	
0.99841147	-0.05634298	0.00000000	0.05547054	0.98295160	0.17529739	-0.00987678	-0.17501893	0.98451553	
0.99842791	-0.05605103	0.00000000	0.05519376	0.98315747	0.17422698	-0.00976560	-0.17395308	0.98470552	
0.99851666	-0.05444698	0.00000000	0.05363392	0.98360566	0.17217233	-0.00937426	-0.17191694	0.98506684	
0.99844789	-0.05569398	0.00000000	0.05488274	0.98390457	0.17005788	-0.00947120	-0.16979393	0.98543408	
0.99838285	-0.05684797	0.00000000	0.05603900	0.98417551	0.16810176	-0.00955624	-0.16782992	0.98576965	
0.99850874	-0.05459202	0.00000000	0.05382952	0.98456234	0.16655143	-0.00909238	-0.16630306	0.98603277	
0.99865509	-0.05184600	0.00000000	0.05113154	0.98489306	0.16544252	-0.00857753	-0.16522001	0.98621944	
0.99876185	-0.04974702	0.00000000	0.04907205	0.98521049	0.16417135	-0.00816704	-0.16396808	0.98643184	
0.99881891	-0.04858798	0.00000000	0.04795591	0.98582555	0.16077382	-0.00781167	-0.16058393	0.98699128	
0.99892489	-0.04635802	0.00000000	0.04573562	0.98551336	0.16331464	-0.00757094	-0.16313906	0.98657404	
0.99900068	-0.04469501	0.00000000	0.04408795	0.98543214	0.16425517	-0.00734139	-0.16409102	0.98641788	
0.99905817	-0.04339099	0.00000000	0.04277367	0.98484471	0.16808126	-0.00729321	-0.16792295	0.98577314	
0.99914679	-0.04130002	0.00000000	0.04068832	0.98434836	0.17147236	-0.00708181	-0.17132606	0.98518893	
0.99923284	-0.03916299	0.00000000	0.03855060	0.98360779	0.17615210	-0.00689864	-0.17601696	0.98436296	
0.99931208	-0.03708602	0.00000000	0.03649577	0.98340749	0.17770133	-0.00659023	-0.17757909	0.98408447	
0.99931360	-0.03704501	0.00000000	0.03646988	0.98379914	0.17552551	-0.00650234	-0.17540502	0.98447488	
0.99932651	-0.03669501	0.00000000	0.03612790	0.98388224	0.17512999	-0.00642640	-0.17501204	0.98454532	
0.99940739	-0.03442199	0.00000000	0.03387747	0.98359776	0.17716595	-0.00609840	-0.17706096	0.98418099	
0.99944896	-0.03319301	0.00000000	0.03266327	0.98349835	0.17794412	-0.00590650	-0.17784606	0.98404059	
0.99940497	-0.03449199	0.00000000	0.03395352	0.98380270	0.17600968	-0.00607092	-0.17590495	0.98438844	
0.99927660	-0.03802999	0.00000000	0.03746903	0.98453681	0.17112376	-0.00650784	-0.17099997	0.98524954	
0.99912294	-0.04187300	0.00000000	0.04125395	0.98435200	0.17131625	-0.00717353	-0.17116600	0.98521609	
0.99906675	-0.04319301	0.00000000	0.04252317	0.98357317	0.17542975	-0.00757734	-0.17526603	0.98449195	
0.99908302	-0.04281499	0.00000000	0.04212433	0.98296671	0.17889099	-0.00765922	-0.17872695	0.98386890	
0.99906190	-0.04330498	0.00000000	0.04262050	0.98327066	0.17709407	-0.00766906	-0.17692794	0.98419393	
0.99898103	-0.04513199	0.00000000	0.04441134	0.98302972	0.17798932	-0.00803301	-0.17780795	0.98403242	
0.99886405	-0.04765100	0.00000000	0.04685647	0.98220898	0.18185157	-0.00866541	-0.18164500	0.98332599	
0.99879426	-0.04909201	0.00000000	0.04825271	0.98171826	0.18412205	-0.00903892	-0.18390005	0.98290339	
0.99867212	-0.05151700	0.00000000	0.05060615	0.98101502	0.18721260	-0.00964463	-0.18696400	0.98231942	
0.99844051	-0.05582602	0.00000000	0.05482478	0.98053340	0.18854311	-0.01052561	-0.18824908	0.98206491	
0.99847217	-0.05525698	0.00000000	0.05419528	0.97928766	0.19508599	-0.01077986	-0.19478793	0.98078614	
0.99851317	-0.05451098	0.00000000	0.05339499	0.97807073	0.20131226	-0.01097373	-0.20101294	0.97952712	
0.99862780	-0.05236902	0.00000000	0.05119867	0.97631031	0.21023054	-0.01100957	-0.20994207	0.97765184	
0.99863466	-0.05223801	0.00000000	0.05102571	0.97545914	0.21418647	-0.01118867	-0.21389403	0.97679279	
0.99862948	-0.05233699	0.00000000	0.05106673	0.97439185	0.21898108	-0.01146081	-0.21868097	0.97572910	
0.99865789	-0.05179198	0.00000000	0.05049775	0.97370255	0.22215606	-0.01150590	-0.22185790	0.97501112	
0.99867083	-0.05154202	0.00000000	0.05023562	0.97335833	0.22371844	-0.01153090	-0.22342108	0.97465382	
0.99874942	-0.04999602	0.00000000	0.04872849	0.97342840	0.22374691	-0.01118645	-0.22346709	0.97464728	
0.99876534	-0.04967701	0.00000000	0.04841484	0.97338916	0.22398558	-0.01112693	-0.22370904	0.97459246	
0.99869932	-0.05098703	0.00000000	0.04967353	0.97297149	0.22551944	-0.01149857	-0.22522611	0.97423867	
0.99865114	-0.05192199	0.00000000	0.05054808	0.97222578	0.22852119	-0.01186527	-0.22821295	0.97353894	
0.99862812	-0.05236301	0.00000000	0.05090736	0.97086715	0.23414826	-0.01226071	-0.23382704	0.97220090	
0.99860738	-0.05275700	0.00000000	0.05121175	0.96935808	0.24025460	-0.01267511	-0.23992002	0.97070991	
0.99852167	-0.05435502	0.00000000	0.05262356	0.96671428	0.25038823	-0.01360986	-0.25001807	0.96814551	
0.99857213	-0.05342001	0.00000000	0.05156755	0.96394427	0.26105983	-0.01394582	-0.26068707	0.96532262	
0.99855593	-0.05372200	0.00000000	0.05183271	0.96343891	0.26286657	-0.01412172	-0.26248698	0.96483220	
