0.99439608	0.00708299	0.10548115	13.01601003	0.10556311	-0.01241350	-0.99433512	-6.44790583	-0.00573348	0.99989786	-0.01309164	0.77530748	
0.99421243	-0.00489089	0.10732065	13.01300909	0.10722602	-0.01666014	-0.99409508	-6.44282938	0.00664999	0.99984925	-0.01603928	0.77495831	
0.99373274	-0.02205498	0.10958472	13.00685412	0.10918306	-0.01866244	-0.99384645	-6.43985237	0.02396438	0.99958256	-0.01613745	0.77515247	
0.99361943	-0.02535420	0.10989810	13.00235780	0.10943995	-0.01880451	-0.99381552	-6.43724245	0.02726398	0.99950165	-0.01590977	0.77481965	
0.99305949	-0.03718453	0.11158029	12.99865524	0.11083996	-0.02141590	-0.99360750	-6.43306450	0.03933642	0.99907891	-0.01714573	0.77441289	
0.99224895	-0.04991747	0.11379925	12.99258242	0.11250368	-0.02804753	-0.99325538	-6.43018707	0.05277258	0.99835945	-0.02221424	0.77442733	
0.99201192	-0.05110001	0.11533055	12.98768358	0.11380657	-0.03180135	-0.99299383	-6.42773401	0.05440966	0.99818709	-0.02573180	0.77402607	
0.99168013	-0.05479114	0.11648371	12.98346442	0.11456319	-0.03698603	-0.99272721	-6.42410421	0.05870092	0.99781259	-0.03040126	0.77479408	
0.99101742	-0.06182976	0.11858138	12.97839073	0.11656557	-0.03526214	-0.99255682	-6.42067058	0.06555099	0.99746361	-0.02773818	0.77483989	
0.99075511	-0.06354236	0.11986110	12.97285577	0.11804665	-0.03159252	-0.99250537	-6.41780855	0.06685285	0.99747896	-0.02379949	0.77515617	
0.99087170	-0.06290521	0.11923174	12.96840845	0.11787337	-0.02489358	-0.99271657	-6.41470223	0.06541515	0.99770900	-0.01725150	0.77507803	
0.99046711	-0.06573608	0.12105232	12.96395138	0.11995271	-0.02043914	-0.99256919	-6.41112286	0.06772182	0.99762769	-0.01235908	0.77497054	
0.98986206	-0.06988627	0.12364878	12.95845966	0.12277918	-0.01662110	-0.99229482	-6.40785023	0.07140296	0.99741649	-0.00787202	0.77496484	
0.98974239	-0.06945338	0.12484485	12.95376039	0.12434131	-0.01154360	-0.99217236	-6.40483545	0.07035089	0.99751841	-0.00278926	0.77483539	
0.98935585	-0.07279904	0.12599725	12.94922112	0.12565551	-0.00927373	-0.99203059	-6.40116812	0.07338734	0.99730351	-0.00002741	0.77430800	
0.98899902	-0.07682899	0.12640508	12.94423645	0.12597574	-0.01042890	-0.99197850	-6.39756488	0.07753098	0.99698974	-0.00063558	0.77458299	
0.98900905	-0.08113332	0.12360620	12.93913051	0.12346941	-0.00672024	-0.99232562	-6.39413162	0.08134134	0.99668060	0.00337110	0.77469807	
0.98932646	-0.08268674	0.11998358	12.93450216	0.11996338	-0.00523055	-0.99276454	-6.39075209	0.08271605	0.99656186	0.00474466	0.77445366	
0.98936585	-0.08794588	0.11584787	12.92988515	0.11603441	-0.00300553	-0.99324065	-6.38690908	0.08769961	0.99612072	0.00723118	0.77507571	
0.98950748	-0.09170592	0.11164665	12.92444193	0.11227488	0.00170402	-0.99367573	-6.38378046	0.09093570	0.99578468	0.01198241	0.77503677	
0.98993315	-0.09259793	0.10704200	12.92008534	0.10802550	0.00566041	-0.99413201	-6.38050151	0.09144866	0.99568749	0.01560637	0.77475563	
0.98977469	-0.09735367	0.10425129	12.91549076	0.10536918	0.00639885	-0.99441259	-6.37673822	0.09614263	0.99522928	0.01659150	0.77484322	
0.98947210	-0.10175606	0.10291096	12.91038393	0.10408184	0.00625097	-0.99454909	-6.37318346	0.10055811	0.99478974	0.01677612	0.77472346	
0.98924280	-0.10530474	0.10153619	12.90614037	0.10283363	0.00695120	-0.99467428	-6.36948104	0.10403812	0.99441570	0.01770529	0.77498630	
0.98859512	-0.11249857	0.10011869	12.90080693	0.10155833	0.00712532	-0.99480407	-6.36549390	0.11120066	0.99362634	0.01846922	0.77513921	
0.98870001	-0.11386553	0.09750344	12.89587664	0.09913212	0.00871630	-0.99503610	-6.36244023	0.11245045	0.99345793	0.01990554	0.77500377	
0.98820547	-0.11889195	0.09651243	12.89176356	0.09804598	0.00710393	-0.99515653	-6.35826244	0.11763048	0.99288178	0.01867702	0.77492669	
0.98732976	-0.12605294	0.09638779	12.88632770	0.09772342	0.00444063	-0.99520370	-6.35437841	0.12502033	0.99201358	0.01670269	0.77516014	
0.98710436	-0.12867379	0.09522630	12.88155074	0.09663195	0.00471132	-0.99530903	-6.35097040	0.12762154	0.99167578	0.01708456	0.77538783	
0.98674552	-0.13293271	0.09307084	12.87708095	0.09453840	0.00475738	-0.99550985	-6.34704233	0.13189305	0.99111365	0.01726157	0.77531255	
0.98614829	-0.13875417	0.09087808	12.87235738	0.09243955	0.00483740	-0.99570655	-6.34324891	0.13771882	0.99031504	0.01759677	0.77570618	
0.98530284	-0.14607427	0.08854728	12.86764833	0.09040869	0.00614042	-0.99588582	-6.33922703	0.14492958	0.98925457	0.01925656	0.77602053	
0.98432402	-0.15347155	0.08690635	12.86249677	0.08901721	0.00692326	-0.99600603	-6.33516513	0.15225691	0.98812881	0.02047634	0.77579494	
0.98396097	-0.15639454	0.08579949	12.85788653	0.08786307	0.00631660	-0.99611253	-6.33164746	0.15524460	0.98767446	0.01995659	0.77584106	
0.98278871	-0.16384731	0.08532535	12.85328819	0.08723076	0.00445636	-0.99617816	-6.32724542	0.16284087	0.98647565	0.01867219	0.77631637	
0.98197821	-0.16961499	0.08336394	12.84770648	0.08565187	0.00620401	-0.99630581	-6.32352887	0.16847121	0.98549087	0.02062004	0.77655809	
0.98206339	-0.17075737	0.07995886	12.84330328	0.08240005	0.00724554	-0.99657299	-6.32000647	0.16959284	0.98528647	0.02118599	0.77635136	
0.98069596	-0.17874049	0.07929226	12.83902156	0.08141934	0.00458456	-0.99666939	-6.31537904	0.17778166	0.98388557	0.01904899	0.77665420	
0.97950863	-0.18560936	0.07817935	12.83336668	0.08017865	0.00327808	-0.99677512	-6.31147714	0.18475452	0.98261814	0.01809281	0.77706468	
0.97889260	-0.18931919	0.07699036	12.82928348	0.07919297	0.00408567	-0.99685093	-6.30733971	0.18840845	0.98190710	0.01899218	0.77748125	
0.97738814	-0.19765600	0.07513006	12.82388887	0.07776251	0.00557923	-0.99695630	-6.30268189	0.19663523	0.98025557	0.02082329	0.77791804	
0.97769021	-0.19758375	0.07129182	12.81882834	0.07465658	0.00962357	-0.99716287	-6.29933104	0.19633710	0.98023877	0.02415980	0.77811744	
0.97707473	-0.20152701	0.06864282	12.81453784	0.07241884	0.01141545	-0.99730898	-6.29479132	0.20020110	0.97941644	0.02574810	0.77816029	
0.97627119	-0.20571587	0.06764277	12.80930606	0.07125526	0.01019443	-0.99740602	-6.29059108	0.20449267	0.97855866	0.02461087	0.77825683	
0.97582805	-0.20810877	0.06671098	12.80444090	0.07014178	0.00914157	-0.99749514	-6.28623555	0.20697765	0.97806297	0.02351772	0.77863589	
0.97549408	-0.20956190	0.06704554	12.79931886	0.07034701	0.00833156	-0.99748779	-6.28198741	0.20847684	0.97775989	0.02286944	0.77873161	
0.97526885	-0.21039951	0.06769571	12.79460180	0.07095429	0.00796851	-0.99744774	-6.27765322	0.20932308	0.97758301	0.02270019	0.77913103	
0.97497938	-0.21169466	0.06782762	12.78937572	0.07128488	0.00873338	-0.99741776	-6.27323919	0.21055565	0.97729683	0.02360550	0.77953808	
0.97536275	-0.21025307	0.06679184	12.78436559	0.07050666	0.01021362	-0.99745902	-6.26914871	0.20903663	0.97759364	0.02478623	0.77961462	
0.97543286	-0.21028010	0.06567352	12.77938948	0.06913375	0.00913873	-0.99756554	-6.26452119	0.20916801	0.97759847	0.02345167	0.77991038	
0.97611371	-0.20756390	0.06418135	12.77394434	0.06775986	0.01016949	-0.99764983	-6.26056741	0.20642339	0.97816860	0.02399108	0.78044968	
0.97690451	-0.20427019	0.06269988	12.76934900	0.06646355	0.01160982	-0.99772131	-6.25629505	0.20307678	0.97884570	0.02491820	0.78051845	
0.97701937	-0.20386324	0.06223294	12.76421352	0.06589713	0.01122826	-0.99776325	-6.25174176	0.20270848	0.97893499	0.02440423	0.78071542	
0.97743751	-0.20153546	0.06324053	12.75960135	0.06656771	0.00976772	-0.99773410	-6.24734367	0.20046109	0.97943251	0.02296309	0.78113622	
0.97707134	-0.20320721	0.06354858	12.75424539	0.06702484	0.01026401	-0.99769851	-6.24266038	0.20208727	0.97908196	0.02364860	0.78179041	
0.97746288	-0.20155786	0.06277537	12.74935018	0.06666320	0.01255238	-0.99769657	-6.23844735	0.20030561	0.97939617	0.02570598	0.78214246	
0.97729786	-0.20261602	0.06193261	12.74452408	0.06647855	0.01570157	-0.99766430	-6.23385633	0.20117033	0.97913238	0.02881473	0.78243934	
0.97734177	-0.20265343	0.06111179	12.73910093	0.06605568	0.01771629	-0.99765865	-6.22961500	0.20109627	0.97909025	0.03070128	0.78262375	
0.97781852	-0.20071763	0.05986134	12.73439560	0.06478646	0.01805324	-0.99773583	-6.22538360	0.19918248	0.97948278	0.03065657	0.78275843	
0.97729392	-0.20353699	0.05890063	12.72982756	0.06377444	0.01746435	-0.99781151	-6.22054324	0.20206289	0.97891148	0.03004826	0.78289033	
0.97646629	-0.20771392	0.05803894	12.72479740	0.06268742	0.01586166	-0.99790716	-6.21578974	0.20635861	0.97806101	0.02850942	0.78330887	
0.97571816	-0.21172118	0.05610893	12.71996828	0.06085436	0.01595935	-0.99801906	-6.21115213	0.21040631	0.97719980	0.02845598	0.78366550	
0.97486621	-0.21591690	0.05491605	12.71473653	0.05957364	0.01511738	-0.99810944	-6.20644858	0.21467850	0.97629471	0.02760038	0.78386034	
0.97430292	-0.21831799	0.05541723	12.70969133	0.05978594	0.01345070	-0.99812059	-6.20183286	0.21716228	0.97578498	0.02615740	0.78407213	
0.97373370	-0.22060246	0.05636694	12.70437188	0.05997196	0.00967298	-0.99815319	-6.19711678	0.21964982	0.97531584	0.02264887	0.78424589	
0.97334825	-0.22229014	0.05639398	12.69930385	0.05937089	0.00672692	-0.99821333	-6.19216125	0.22151363	0.97495735	0.01974520	0.78512346	
0.97343227	-0.22233720	0.05473385	12.69364053	0.05814497	0.00882027	-0.99826919	-6.18777581	0.22146961	0.97492993	0.02151372	0.78566401	
0.97413532	-0.21978869	0.05247203	12.68868210	0.05635559	0.01143264	-0.99834530	-6.18342738	0.21882512	0.97548051	0.02352326	0.78603356	
0.97432710	-0.21931785	0.05085647	12.68322631	0.05518299	0.01364249	-0.99838305	-6.17897658	0.21826942	0.97555808	0.02539486	0.78632611	
0.97499433	-0.21642659	0.05045391	12.67824711	0.05487192	0.01444919	-0.99838885	-6.17488030	0.21534887	0.97619197	0.02596362	0.78636839	
0.97455678	-0.21818330	0.05133349	12.67388059	0.05578500	0.01428777	-0.99834057	-6.16995711	0.21708780	0.97580321	0.02609560	0.78684701	
0.97342560	-0.22286316	0.05267454	12.66850885	0.05731925	0.01441949	-0.99825176	-6.16509993	0.22171400	0.97474309	0.02681065	0.78732823	
0.97272044	-0.22597034	0.05246275	12.66339618	0.05745856	0.01558357	-0.99822626	-6.16027110	0.22475197	0.97400953	0.02814239	0.78784228	
0.97171993	-0.23053244	0.05113881	12.65824308	0.05693025	0.01853616	-0.99820607	-6.15527414	0.22917096	0.97288807	0.03113623	0.78827378	
0.97114924	-0.23336197	0.04910551	12.65263989	0.05515994	0.01948529	-0.99828739	-6.15057096	0.23200548	0.97219469	0.03179535	0.78833702	
0.97106257	-0.23431830	0.04617803	12.64702168	0.05221768	0.01963363	-0.99844270	-6.14587733	0.23304675	0.97196165	0.03130104	0.78895273	
0.97179468	-0.23171657	0.04384671	12.64177936	0.05008089	0.02108792	-0.99852251	-6.14176576	0.23044957	0.97255475	0.03209770	0.78881530	
0.97166229	-0.23234242	0.04346708	12.63647443	0.04925941	0.01918381	-0.99860177	-6.13664213	0.23118368	0.97244485	0.03008524	0.78942476	
0.97228186	-0.22985716	0.04282126	12.63100469	0.04879153	0.02035062	-0.99860164	-6.13244694	0.22866430	0.97301158	0.03100162	0.78972420	
0.97209736	-0.23047762	0.04366678	12.62622614	0.04968137	0.02035482	-0.99855768	-6.12734680	0.22925636	0.97286471	0.03123731	0.79030569	
0.97131797	-0.23333908	0.04576327	12.62036836	0.05218289	0.02140985	-0.99840802	-6.12221084	0.23198783	0.97215970	0.03297208	0.79088280	
0.97157423	-0.23211962	0.04651877	12.61480750	0.05403318	0.02611725	-0.99819753	-6.11770717	0.23048629	0.97233655	0.03791701	0.79151490	
0.97185292	-0.23095633	0.04648726	12.60919276	0.05514307	0.03116189	-0.99799207	-6.11312192	0.22904396	0.97246497	0.04302042	0.79160200	
0.97231650	-0.22909749	0.04598880	12.60379353	0.05512168	0.03362270	-0.99791338	-6.10831104	0.22707318	0.97282262	0.04532014	0.79168238	
0.97266886	-0.22789616	0.04448188	12.59854903	0.05406509	0.03597889	-0.99788901	-6.10368160	0.22581467	0.97302048	0.04731677	0.79215923	
0.97259692	-0.22858055	0.04249903	12.59293251	0.05246288	0.03768897	-0.99791141	-6.09880560	0.22650140	0.97279519	0.04864817	0.79204077	
0.97269171	-0.22827530	0.04196684	12.58767479	0.05137106	0.03540955	-0.99805169	-6.09381574	0.22634452	0.97295249	0.04616932	0.79214870	
0.97233445	-0.22994588	0.04111698	12.58223859	0.05020572	0.03381300	-0.99816635	-6.08864112	0.22813395	0.97261584	0.04442214	0.79272073	
0.97218562	-0.23056317	0.04117936	12.57619964	0.05001277	0.03259749	-0.99821647	-6.08356322	0.22880961	0.97251120	0.04322191	0.79323404	
0.97295376	-0.22730467	0.04115288	12.57059531	0.05022914	0.03428846	-0.99814895	-6.07914024	0.22547285	0.97321986	0.04477841	0.79336163	
0.97346446	-0.22498952	0.04179299	12.56509235	0.05058742	0.03346384	-0.99815885	-6.07432989	0.22317673	0.97378637	0.04395750	0.79352301	
0.97387994	-0.22326770	0.04134489	12.55917426	0.04976600	0.03222113	-0.99824103	-6.06941234	0.22154280	0.97422448	0.04249065	0.79415935	
0.97509887	-0.21809783	0.04019361	12.55350619	0.04892824	0.03479525	-0.99819603	-6.06517833	0.21630584	0.97530643	0.04459996	0.79455035	
0.97576204	-0.21559271	0.03752635	12.54867087	0.04674526	0.03782038	-0.99819061	-6.06043255	0.21378336	0.97575069	0.04698163	0.79467716	
0.97531133	-0.21782389	0.03633954	12.54305120	0.04547154	0.03705717	-0.99827807	-6.05517428	0.21610217	0.97528433	0.04604707	0.79480044	
0.97506632	-0.21894653	0.03616741	12.53753840	0.04512665	0.03605650	-0.99833036	-6.05033167	0.21727690	0.97507043	0.04503781	0.79520200	
0.97477199	-0.22032160	0.03574855	12.53211649	0.04457112	0.03520237	-0.99838580	-6.04543244	0.21870753	0.97479187	0.04413427	0.79554896	
0.97402502	-0.22371379	0.03503424	12.52671386	0.04425597	0.03633962	-0.99835907	-6.04018629	0.22207356	0.97397719	0.04529637	0.79648259	
0.97377174	-0.22503069	0.03361226	12.52004630	0.04342386	0.03879339	-0.99830328	-6.03529698	0.22334495	0.97357910	0.04754761	0.79690969	
0.97490435	-0.22021561	0.03265885	12.51450849	0.04302316	0.04243246	-0.99817258	-6.03109812	0.21842739	0.97452787	0.05084196	0.79678627	
0.97529410	-0.21858611	0.03196134	12.50918848	0.04213035	0.04201903	-0.99822815	-6.02600265	0.21685582	0.97491257	0.05019002	0.79739684	
0.97590276	-0.21616947	0.02974168	12.50317695	0.04041200	0.04510857	-0.99816436	-6.02194904	0.21443106	0.97531327	0.05275742	0.79748709	
0.97581746	-0.21674959	0.02828247	12.49827724	0.03880316	0.04443647	-0.99825834	-6.01650417	0.21511531	0.97521537	0.05177245	0.79792373	
0.97533158	-0.21911477	0.02677722	12.49251337	0.03759809	0.04536391	-0.99826274	-6.01156619	0.21751939	0.97464395	0.05248315	0.79820244	
0.97489986	-0.22109485	0.02621703	12.48696513	0.03727432	0.04598785	-0.99824633	-6.00660478	0.21950146	0.97416743	0.05307470	0.79907720	
0.97437723	-0.22343086	0.02583923	12.48105415	0.03757088	0.04841562	-0.99812041	-6.00161382	0.22175988	0.97351660	0.05556957	0.79979561	
0.97430793	-0.22382301	0.02504626	12.47476440	0.03801027	0.05380073	-0.99782799	-5.99707631	0.22198935	0.97314374	0.06092605	0.80024334	
0.97478343	-0.22182938	0.02426910	12.46917629	0.03812720	0.05840417	-0.99756467	-5.99240852	0.21987174	0.97333482	0.06538915	0.80035903	
0.97508017	-0.22066232	0.02295198	12.46343781	0.03724094	0.06081398	-0.99745415	-5.98773328	0.21870474	0.97345252	0.06751618	0.80030896	
0.97512420	-0.22062682	0.02136812	12.45793360	0.03547705	0.06018590	-0.99755653	-5.98274951	0.21880167	0.97349960	0.06651592	0.80067964	
0.97475852	-0.22233608	0.02030991	12.45230922	0.03410698	0.05839202	-0.99771092	-5.97749942	0.22064120	0.97321993	0.06450134	0.80089037	
0.97432832	-0.22433752	0.01889432	12.44635290	0.03243986	0.05684855	-0.99785565	-5.97230388	0.22278235	0.97285195	0.06266663	0.80201426	
0.97446667	-0.22377542	0.01841910	12.44003052	0.03230873	0.05856737	-0.99776050	-5.96765726	0.22219552	0.97287945	0.06430186	0.80194365	
0.97488833	-0.22191631	0.01859845	12.43449491	0.03212409	0.05749613	-0.99782876	-5.96269232	0.22036513	0.97336907	0.06318116	0.80214508	
0.97491720	-0.22181765	0.01825897	12.42828827	0.03108848	0.05448477	-0.99803052	-5.95758690	0.22038594	0.97356476	0.06001411	0.80234839	
0.97524090	-0.22029996	0.01931620	12.42279282	0.03140242	0.05149290	-0.99817953	-5.95246138	0.21890427	0.97407207	0.05713594	0.80295099	
0.97517149	-0.22063908	0.01894649	12.41647139	0.03097510	0.05118536	-0.99820870	-5.94727366	0.21927407	0.97401153	0.05674882	0.80370317	
0.97609665	-0.21665598	0.01719071	12.41010654	0.02927527	0.05269203	-0.99818160	-5.94278321	0.21535620	0.97482498	0.05777518	0.80417362	
0.97672870	-0.21380094	0.01703564	12.40483464	0.02911130	0.05345996	-0.99814556	-5.93758566	0.21249373	0.97541334	0.05843990	0.80399893	
0.97683250	-0.21339110	0.01620203	12.39863363	0.02796676	0.05222930	-0.99824344	-5.93242569	0.21217004	0.97556975	0.05698714	0.80472109	
0.97762452	-0.20979550	0.01536688	12.39276937	0.02712519	0.05328460	-0.99821089	-5.92797628	0.20860133	0.97629227	0.05778307	0.80494619	
0.97742868	-0.21073070	0.01502481	12.38744181	0.02667190	0.05253705	-0.99826273	-5.92224575	0.20957524	0.97613136	0.05697180	0.80553097	
0.97739732	-0.21093006	0.01424754	12.38097098	0.02601780	0.05313203	-0.99824850	-5.91743057	0.20980361	0.97605609	0.05741904	0.80576143	
0.97753014	-0.21033339	0.01395352	12.37595279	0.02563308	0.05290516	-0.99827050	-5.91211297	0.20923140	0.97619717	0.05710788	0.80618024	
0.97692417	-0.21323017	0.01233148	12.36941181	0.02413342	0.05283425	-0.99831164	-5.90683947	0.21221863	0.97557236	0.05676102	0.80691223	
0.97732822	-0.21150967	0.00965419	12.36386338	0.02147602	0.05366692	-0.99832792	-5.90186434	0.21063790	0.97590139	0.05699258	0.80729846	
0.97687662	-0.21367538	0.00740920	12.35819619	0.01975287	0.05569132	-0.99825262	-5.89636814	0.21288939	0.97531600	0.05862425	0.80791165	
0.97730773	-0.21177204	0.00471209	12.35135486	0.01734462	0.05783359	-0.99817556	-5.89206973	0.21111316	0.97560641	0.06019432	0.80799036	
0.97802914	-0.20844642	0.00301400	12.34658574	0.01495045	0.05571213	-0.99833493	-5.88671863	0.20793143	0.97644572	0.05760446	0.80842821	
0.97743832	-0.21120775	0.00236945	12.34066265	0.01446160	0.05572619	-0.99834135	-5.88137641	0.21072539	0.97585136	0.05752331	0.80889205	
0.97730866	-0.21181799	0.00096510	12.33493207	0.01262738	0.05371226	-0.99847661	-5.87613171	0.21144347	0.97583202	0.05516817	0.80955071	
0.97703153	-0.21309054	-0.00134750	12.32923058	0.01094077	0.05647716	-0.99834394	-5.87124528	0.21281375	0.97539877	0.05751134	0.81065204	
0.97660211	-0.21502264	-0.00368457	12.32310663	0.00952838	0.06038027	-0.99812997	-5.86616201	0.21484301	0.97474073	0.06101631	0.81127229	
0.97691812	-0.21351169	-0.00661421	12.31770080	0.00735539	0.06456715	-0.99788626	-5.86162707	0.21348744	0.97480452	0.06464728	0.81142897	
0.97617835	-0.21679865	-0.00861275	12.31225368	0.00573255	0.06545304	-0.99783918	-5.85619214	0.21689392	0.97401963	0.06513665	0.81160768	
0.97549938	-0.21980379	-0.00934105	12.30663642	0.00516791	0.06534124	-0.99784960	-5.85097353	0.21994147	0.97335339	0.06487626	0.81240533	
0.97485667	-0.22257128	-0.01079305	12.30062809	0.00424918	0.06699447	-0.99774430	-5.84618418	0.22279230	0.97261183	0.06625575	0.81300573	
0.97418182	-0.22552088	-0.01049395	12.29546902	0.00479701	0.06714816	-0.99773148	-5.84078694	0.22571393	0.97192153	0.06649634	0.81304834	
0.97277728	-0.23153766	-0.00973056	12.28935653	0.00541283	0.06467855	-0.99789147	-5.83516778	0.23167881	0.97067348	0.06417110	0.81373578	
0.97268863	-0.23190804	-0.00977177	12.28332200	0.00528681	0.06422322	-0.99792155	-5.83040286	0.23205360	0.97061529	0.06369525	0.81466669	
0.97184112	-0.23543888	-0.00966290	12.27795472	0.00575751	0.06472111	-0.99788678	-5.82423497	0.23556674	0.96973177	0.06425418	0.81508172	
0.97188194	-0.23519119	-0.01142782	12.27088967	0.00399766	0.06500590	-0.99787687	-5.81957789	0.23543472	0.96977283	0.06411827	0.81585920	
0.97262668	-0.23205173	-0.01222003	12.26561291	0.00316281	0.06580308	-0.99782762	-5.81419176	0.23235174	0.97047511	0.06473577	0.81643260	
0.97277162	-0.23159385	-0.00892542	12.25980415	0.00641516	0.06540160	-0.99783840	-5.80865478	0.23167698	0.97061162	0.06510653	0.81656170	
0.97296439	-0.23086479	-0.00646048	12.25349359	0.00879779	0.06500124	-0.99784640	-5.80340689	0.23078754	0.97081218	0.06527499	0.81753296	
0.97360135	-0.22819285	-0.00533204	12.24792122	0.01041415	0.06774416	-0.99764837	-5.79820763	0.22801744	0.97125627	0.06833224	0.81798735	
0.97363920	-0.22803473	-0.00518374	12.24201134	0.01134482	0.07111218	-0.99740381	-5.79260207	0.22781134	0.97105263	0.07182462	0.81872969	
0.97447971	-0.22443034	-0.00450843	12.23561387	0.01226524	0.07328863	-0.99723535	-5.78784355	0.22414029	0.97173031	0.07417097	0.81881957	
0.97418674	-0.22573655	-0.00179059	12.23124745	0.01521669	0.07357882	-0.99717331	-5.78135119	0.22523021	0.97140577	0.07511447	0.81957100	
0.97319040	-0.23000096	0.00006436	12.22411490	0.01785376	0.07526463	-0.99700375	-5.77576700	0.22930698	0.97027563	0.07735320	0.82059380	
0.97364179	-0.22808028	0.00102502	12.21864824	0.01980044	0.08004640	-0.99659446	-5.77060300	0.22722150	0.97034631	0.08245261	0.82120929	
0.97298348	-0.23086626	0.00197834	12.21245634	0.02161532	0.08255959	-0.99635169	-5.76444970	0.22986066	0.96947650	0.08531936	0.82147019	
0.97352199	-0.22857223	0.00310927	12.20614655	0.02273868	0.08329509	-0.99626547	-5.75937992	0.22745963	0.96995704	0.08628704	0.82190893	
0.97372778	-0.22767218	0.00442666	12.20029057	0.02390139	0.08285280	-0.99627513	-5.75349591	0.22645737	0.97020657	0.08611775	0.82214306	
0.97396413	-0.22662618	0.00586902	12.19399057	0.02491092	0.08125521	-0.99638197	-5.74762932	0.22532936	0.97058650	0.08478513	0.82300047	
0.97478331	-0.22302339	0.00761974	12.18768346	0.02670370	0.08267917	-0.99621838	-5.74231504	0.22155001	0.97130053	0.08654983	0.82356254	
0.97555574	-0.21955835	0.00922658	12.18191842	0.02819231	0.08340573	-0.99611680	-5.73647178	0.21793621	0.97202758	0.08755679	0.82432051	
0.97641665	-0.21567625	0.00970982	12.17484804	0.02905515	0.08670771	-0.99581001	-5.73126135	0.21393066	0.97260759	0.09092936	0.82478074	
0.97808517	-0.20785448	0.01207917	12.16906834	0.03085813	0.08734304	-0.99570024	-5.72587526	0.20590573	0.97425238	0.09184293	0.82477573	
0.97844426	-0.20600286	0.01447923	12.16375707	0.03281991	0.08589479	-0.99576350	-5.71944483	0.20388644	0.97477428	0.09080426	0.82548479	
0.97868812	-0.20468377	0.01655669	12.15647198	0.03435121	0.08369163	-0.99589945	-5.71390510	0.20245880	0.97524370	0.08893914	0.82555609	
0.97958218	-0.20008145	0.01965128	12.15091420	0.03645895	0.08066919	-0.99607391	-5.70812073	0.19771065	0.97645271	0.08631686	0.82629829	
0.97946098	-0.20037504	0.02249529	12.14470973	0.03934472	0.08050813	-0.99597713	-5.70196648	0.19775790	0.97640580	0.08673827	0.82674577	
0.98003207	-0.19737384	0.02409769	12.13800313	0.04032957	0.07863691	-0.99608723	-5.69647378	0.19470660	0.97716928	0.08502669	0.82741538	
0.98054405	-0.19470222	0.02498835	12.13170568	0.04101305	0.07871186	-0.99605340	-5.69055052	0.19196693	0.97769908	0.08516578	0.82843778	
0.98160411	-0.18924112	0.02532143	12.12511345	0.04137690	0.08137787	-0.99582408	-5.68547576	0.18639026	0.97855273	0.08771107	0.82852204	
0.98234405	-0.18519826	0.02649097	12.11924657	0.04209599	0.08084335	-0.99583748	-5.67962786	0.18228574	0.97937019	0.08721209	0.82862691	
0.98279988	-0.18237627	0.02903935	12.11320122	0.04378875	0.07737421	-0.99604005	-5.67365151	0.17940717	0.98017964	0.08402939	0.82886451	
0.98317348	-0.18009870	0.03056736	12.10671438	0.04470177	0.07495254	-0.99618466	-5.66814484	0.17712046	0.98078875	0.08174208	0.82958946	
0.98346453	-0.17841813	0.03105614	12.10112122	0.04466339	0.07276228	-0.99634875	-5.66193151	0.17550697	0.98126073	0.07952788	0.83029527	
0.98327608	-0.17969268	0.02964283	12.09462320	0.04341600	0.07320638	-0.99637135	-5.65590272	0.17687059	0.98099509	0.07978362	0.83066965	
0.98364624	-0.17805802	0.02711868	12.08845908	0.04043761	0.07160293	-0.99661317	-5.65015364	0.17551319	0.98141141	0.07763219	0.83115838	
0.98366609	-0.17827784	0.02486042	12.08215765	0.03810610	0.07126272	-0.99672943	-5.64431749	0.17592315	0.98139627	0.07689220	0.83185146	
0.98415871	-0.17562680	0.02422521	12.07557016	0.03701732	0.06993045	-0.99686481	-5.63907057	0.17338210	0.98196994	0.07532389	0.83219776	
0.98409683	-0.17596593	0.02427805	12.07009974	0.03671704	0.06778197	-0.99702430	-5.63248093	0.17379670	0.98205987	0.07316497	0.83304434	
0.98394320	-0.17675686	0.02475466	12.06312483	0.03751017	0.06919115	-0.99689797	-5.62693327	0.17449575	0.98181953	0.07471034	0.83378750	
0.98429861	-0.17476172	0.02479068	12.05707358	0.03766527	0.07074165	-0.99678330	-5.62122457	0.17244583	0.98206617	0.07621336	0.83461811	
0.98430499	-0.17490229	0.02351325	12.05065862	0.03700625	0.07428898	-0.99654989	-5.61539710	0.17255209	0.98177917	0.07959549	0.83530278	
0.98475474	-0.17260397	0.02158627	12.04429197	0.03544623	0.07762461	-0.99635234	-5.61014875	0.17029874	0.98192784	0.08255936	0.83559217	
0.98461038	-0.17363337	0.01984547	12.03869541	0.03406243	0.07928652	-0.99626974	-5.60403074	0.17141219	0.98161352	0.08398071	0.83589499	
0.98415213	-0.17626627	0.01935936	12.03210206	0.03352086	0.07772179	-0.99641140	-5.59810469	0.17412908	0.98126934	0.08239866	0.83606623	
0.98377014	-0.17840569	0.01917606	12.02621444	0.03332489	0.07665154	-0.99650087	-5.59208418	0.17631155	0.98096685	0.08135284	0.83689717	
0.98311263	-0.18208072	0.01833514	12.01939821	0.03266596	0.07602150	-0.99657095	-5.58600708	0.18006249	0.98034042	0.08068554	0.83741638	
0.98328729	-0.18135431	0.01602227	12.01303892	0.03011527	0.07522501	-0.99671173	-5.58055929	0.17955269	0.98053649	0.07942933	0.83776955	
0.98254419	-0.18549299	0.01411625	12.00726072	0.02827403	0.07390303	-0.99686455	-5.57366634	0.18386815	0.97986259	0.07785763	0.83850366	
0.98210998	-0.18787247	0.01280334	11.99997024	0.02662517	0.07123224	-0.99710434	-5.56781513	0.18641645	0.97960701	0.07496003	0.83848575	
0.98215786	-0.18770752	0.01148142	11.99409625	0.02444167	0.06687695	-0.99746182	-5.56162745	0.18646324	0.97994559	0.07027160	0.83954392	
0.98179583	-0.18960213	0.01131266	11.98718921	0.02434699	0.06655813	-0.99748546	-5.55580976	0.18837242	0.97960250	0.06996274	0.84107827	
0.98211337	-0.18787615	0.01248498	11.98038628	0.02621735	0.07078629	-0.99714691	-5.55049185	0.18645636	0.97963863	0.07444578	0.84128084	
0.98242023	-0.18618947	0.01356380	11.97458403	0.02784583	0.07430752	-0.99684653	-5.54462941	0.18459443	0.97969989	0.07818581	0.84195170	
0.98197873	-0.18842892	0.01457100	11.96792784	0.02954471	0.07690334	-0.99660072	-5.53843087	0.18666784	0.97907120	0.08108452	0.84230206	
0.98193627	-0.18871731	0.01367279	11.96170878	0.02904079	0.07891082	-0.99645859	-5.53264655	0.18697005	0.97885589	0.08296590	0.84319819	
0.98108889	-0.19323094	0.01124262	11.95556982	0.02763164	0.08233128	-0.99622189	-5.52584533	0.19157527	0.97769288	0.08611359	0.84354157	
0.98102164	-0.19369647	0.00884427	11.94824436	0.02557717	0.08405775	-0.99613257	-5.52057258	0.19220393	0.97745382	0.08741668	0.84413455	
0.98074709	-0.19507545	0.00898419	11.94249447	0.02593891	0.08453406	-0.99608291	-5.51409418	0.19355186	0.97713846	0.08796658	0.84468910	
0.98030738	-0.19725363	0.00940454	11.93513516	0.02666010	0.08500704	-0.99602362	-5.50818226	0.19566982	0.97666003	0.08859183	0.84565643	
0.98117430	-0.19285862	0.01012633	11.92846385	0.02726331	0.08641246	-0.99588634	-5.50317616	0.19119022	0.97741416	0.09004365	0.84511168	
0.98079402	-0.19474583	0.01082356	11.92301651	0.02747639	0.08301376	-0.99616955	-5.49595853	0.19310136	0.97733453	0.08677032	0.84636739	
0.98058548	-0.19583330	0.01007113	11.91530132	0.02710635	0.08450402	-0.99605437	-5.49055284	0.19420956	0.97698945	0.08817174	0.84716344	
0.98080498	-0.19471659	0.01034570	11.90947235	0.02745230	0.08536161	-0.99597177	-5.48423927	0.19304910	0.97713809	0.08906851	0.84787890	
0.98021651	-0.19759497	0.01148142	11.90243159	0.02924518	0.08721818	-0.99575986	-5.47778548	0.19575575	0.97639604	0.09127140	0.84898760	
0.98046089	-0.19622191	0.01390670	11.89522328	0.03236584	0.09118239	-0.99530811	-5.47229500	0.19403321	0.97631078	0.09575166	0.84959670	
0.98093009	-0.19375220	0.01537029	11.88876900	0.03463452	0.09643584	-0.99473644	-5.46673557	0.19125013	0.97629924	0.10130733	0.84985563	
0.98099509	-0.19322224	0.01771470	11.88225362	0.03734143	0.09841243	-0.99444488	-5.46067208	0.19040552	0.97620703	0.10375731	0.85035140	
0.98061187	-0.19489596	0.02039432	11.87566219	0.04048733	0.09967577	-0.99419591	-5.45426231	0.19173195	0.97574602	0.10563406	0.85049572	
0.98065407	-0.19453175	0.02179438	11.86852570	0.04198187	0.10026356	-0.99407482	-5.44845747	0.19119393	0.97575848	0.10649068	0.85142633	
0.98067846	-0.19440604	0.02181881	11.86193120	0.04225233	0.10158948	-0.99392873	-5.44207132	0.19100918	0.97564639	0.10784072	0.85217481	
0.98091818	-0.19328110	0.02102250	11.85474767	0.04167386	0.10341007	-0.99376539	-5.43621284	0.18990213	0.97567862	0.10949159	0.85231195	
0.98125628	-0.19151329	0.02141902	11.84834817	0.04186803	0.10337606	-0.99376076	-5.43009561	0.18810418	0.97603076	0.10945669	0.85298974	
0.98108175	-0.19215946	0.02352333	11.84176308	0.04375653	0.10173902	-0.99384835	-5.42364942	0.18858412	0.97607577	0.10822253	0.85313922	
0.98069235	-0.19388376	0.02552642	11.83537069	0.04579554	0.10079143	-0.99385304	-5.41746255	0.19011912	0.97583307	0.10772440	0.85420818	
0.98013234	-0.19661011	0.02617358	11.82770936	0.04689614	0.10149505	-0.99373010	-5.41134034	0.19272090	0.97521445	0.10869884	0.85483713	
0.98055111	-0.19450746	0.02619861	11.82144344	0.04714549	0.10385677	-0.99347424	-5.40562496	0.19051725	0.97538742	0.11100702	0.85565129	
0.98022772	-0.19618928	0.02575628	11.81440238	0.04756989	0.10729979	-0.99308804	-5.39941948	0.19206958	0.97467765	0.11451093	0.85609018	
0.98032509	-0.19567147	0.02598820	11.80745158	0.04787405	0.10796575	-0.99300124	-5.39351408	0.19149618	0.97470820	0.11520912	0.85610914	
0.98029711	-0.19563547	0.02728254	11.80124087	0.04885567	0.10630948	-0.99313212	-5.38738342	0.19139148	0.97489746	0.11377278	0.85629967	
0.97921397	-0.20080514	0.02858847	11.79449195	0.05009986	0.10287481	-0.99343182	-5.38050504	0.19654518	0.97421459	0.11079676	0.85759891	
0.97879235	-0.20276837	0.02916381	11.78688116	0.05089516	0.10279947	-0.99339919	-5.37485339	0.19843191	0.97381582	0.11093927	0.85807371	
0.97855962	-0.20388942	0.02915765	11.78080503	0.05124809	0.10391934	-0.99326452	-5.36872639	0.19948608	0.97346283	0.11214022	0.85862207	
0.97774736	-0.20783102	0.02857212	11.77266469	0.05120417	0.10434574	-0.99322208	-5.36250030	0.20344098	0.97258328	0.11266559	0.85919583	
0.97846674	-0.20427591	0.02956679	11.76612064	0.05137672	0.10230279	-0.99342568	-5.35717901	0.19990817	0.97355302	0.11059490	0.85886838	
0.97765116	-0.20797437	0.03073881	11.75976861	0.05233121	0.09913046	-0.99369744	-5.35025944	0.20361644	0.97309805	0.10779856	0.86030200	
0.97714187	-0.21020240	0.03176037	11.75269519	0.05374919	0.09973582	-0.99356117	-5.34484708	0.20568129	0.97255731	0.10875425	0.86055249	
0.97554815	-0.21736681	0.03251888	11.74673844	0.05511979	0.09873495	-0.99358604	-5.33751908	0.21276187	0.97108346	0.10830191	0.86201770	
0.97458550	-0.22194240	0.03040840	11.73746899	0.05449582	0.10322638	-0.99316389	-5.33211697	0.21728623	0.96958026	0.11269787	0.86312836	
0.97583599	-0.21660489	0.02874785	11.73046003	0.05339197	0.10879646	-0.99262915	-5.32742693	0.21188066	0.97017815	0.11773246	0.86266536	
0.97528045	-0.21924639	0.02755127	11.72510558	0.05263072	0.10938461	-0.99260517	-5.32055975	0.21461141	0.96951845	0.11821976	0.86271962	
0.97408490	-0.22459565	0.02674697	11.71653016	0.05154207	0.10527257	-0.99310679	-5.31415743	0.22023174	0.96874892	0.11412055	0.86261997	
0.97417733	-0.22408310	0.02766383	11.71053991	0.05101876	0.09911464	-0.99376726	-5.30799568	0.21994456	0.96951692	0.10798768	0.86350214	
0.97305259	-0.22894775	0.02741498	11.70229105	0.05073903	0.09661813	-0.99402741	-5.30154323	0.22493155	0.96863196	0.10563111	0.86484031	
0.97365811	-0.22623294	0.02843486	11.69475094	0.05159494	0.09712762	-0.99393369	-5.29621635	0.22209873	0.96921870	0.10624157	0.86476268	
0.97387267	-0.22531858	0.02834702	11.68788660	0.05108036	0.09571365	-0.99409743	-5.28980541	0.22127543	0.96957229	0.10472227	0.86559667	
0.97410495	-0.22451096	0.02672787	11.68025889	0.04962860	0.09698723	-0.99404752	-5.28406700	0.22058230	0.96963308	0.10561791	0.86677769	
0.97450460	-0.22294022	0.02526752	11.67284092	0.04832278	0.09857340	-0.99395583	-5.27820771	0.21910203	0.96983552	0.10683332	0.86677269	
0.97467121	-0.22238465	0.02368751	11.66611757	0.04676303	0.09907906	-0.99398016	-5.27194558	0.21869899	0.96991155	0.10696889	0.86783051	
0.97498834	-0.22120072	0.02163292	11.65687166	0.04567021	0.10413763	-0.99351376	-5.26665898	0.21751316	0.96965231	0.11163526	0.86914806	
0.97711025	-0.21178190	0.02009926	11.64979680	0.04433039	0.11029712	-0.99290954	-5.26180884	0.20806338	0.97107310	0.11716082	0.86879339	
0.97773987	-0.20898108	0.01875229	11.64313023	0.04332265	0.11362347	-0.99257889	-5.25570777	0.20529951	0.97129636	0.12014781	0.86858283	
0.97836924	-0.20602412	0.01864648	11.63517777	0.04194452	0.10930265	-0.99312315	-5.25041636	0.20256921	0.97242326	0.11557994	0.86747654	
0.97832693	-0.20617740	0.01916503	11.62924524	0.04069123	0.10067845	-0.99408655	-5.24372619	0.20302868	0.97332149	0.10688605	0.86834308	
0.97759241	-0.20956267	0.01991406	11.62110679	0.04080125	0.09582448	-0.99456168	-5.23789862	0.20651474	0.97308846	0.10222770	0.86888801	
0.97724498	-0.21123256	0.01931446	11.61377864	0.03953876	0.09194405	-0.99497888	-5.23176294	0.20839609	0.97310179	0.09820374	0.86962812	
0.97695762	-0.21277597	0.01673896	11.60621283	0.03665412	0.08999974	-0.99526706	-5.22599244	0.21026241	0.97294729	0.09572505	0.86962571	
0.97674558	-0.21398882	0.01329878	11.59874005	0.03242725	0.08612991	-0.99575605	-5.22046624	0.21193523	0.97303156	0.09106608	0.87010447	
0.97603396	-0.21726401	0.01241190	11.59146160	0.03083912	0.08163095	-0.99618539	-5.21429877	0.21542204	0.97269355	0.08637481	0.87029863	
0.97519638	-0.22099546	0.01237069	11.58369941	0.02989111	0.07611216	-0.99665112	-5.20812088	0.21931381	0.97230034	0.08083011	0.87075613	
0.97484661	-0.22256010	0.01187825	11.57564979	0.02904520	0.07402036	-0.99683367	-5.20246954	0.22097617	0.97210493	0.07862280	0.87220382	
0.97529051	-0.22067778	0.01047567	11.56708281	0.02769140	0.07506454	-0.99679411	-5.19754836	0.21918396	0.97245392	0.07932061	0.87261516	
0.97554295	-0.21965538	0.00821362	11.56081240	0.02591028	0.07780658	-0.99663172	-5.19115347	0.21827644	0.97246987	0.08159499	0.87273662	
0.97562119	-0.21940875	0.00480505	11.55155437	0.02293268	0.08014851	-0.99651910	-5.18657016	0.21825989	0.97233534	0.08322622	0.87285170	
0.97588777	-0.21825139	0.00306288	11.54537875	0.02015806	0.07614445	-0.99689301	-5.18026961	0.21734006	0.97291744	0.07870796	0.87240261	
0.97445761	-0.22456305	0.00195006	11.53750862	0.01815417	0.07011629	-0.99737362	-5.17342119	0.22383653	0.97193371	0.07240210	0.87332571	
0.97456243	-0.22411618	0.00013422	11.52839340	0.01605011	0.06919603	-0.99747396	-5.16852117	0.22354076	0.97210280	0.07103294	0.87454147	
0.97550027	-0.21997660	-0.00308359	11.52104129	0.01330348	0.07297434	-0.99724509	-5.16353136	0.21959561	0.97277183	0.07411294	0.87450279	
0.97551489	-0.21984320	-0.00629756	11.51345650	0.01015615	0.07363257	-0.99723372	-5.15766247	0.21969876	0.97275239	0.07406243	0.87449603	
0.97547569	-0.22002781	-0.00591134	11.50524383	0.00960804	0.06939680	-0.99754287	-5.15167306	0.21989740	0.97302202	0.06980892	0.87428182	
0.97563819	-0.21934318	-0.00432433	11.49770179	0.01012516	0.06470925	-0.99785279	-5.14586304	0.21915203	0.97349950	0.06535370	0.87477618	
0.97554007	-0.21979048	-0.00370414	11.48967751	0.01013659	0.06181120	-0.99803638	-5.13986078	0.21958785	0.97358694	0.06252722	0.87613630	
0.97598696	-0.21777438	-0.00487536	11.48123902	0.00970617	0.06583716	-0.99778317	-5.13485842	0.21761259	0.97377605	0.06636997	0.87654908	
0.97654766	-0.21522736	-0.00564323	11.47363462	0.00918113	0.06781577	-0.99765562	-5.12913286	0.21510548	0.97420645	0.06820136	0.87631820	
0.97694996	-0.21336543	-0.00663079	11.46527495	0.00807306	0.06796890	-0.99765478	-5.12387981	0.21331572	0.97460527	0.06812473	0.87636071	
0.97738486	-0.21139948	-0.00539313	11.45830653	0.00867105	0.06554550	-0.99781191	-5.11805492	0.21129042	0.97519949	0.06589624	0.87590241	
0.97667907	-0.21466834	-0.00393689	11.45055394	0.00945482	0.06132077	-0.99807333	-5.11196470	0.21449616	0.97476011	0.06192036	0.87656524	
0.97612496	-0.21719325	-0.00267430	11.44279485	0.01060152	0.05993627	-0.99814591	-5.10639804	0.21695084	0.97428678	0.06080787	0.87667525	
0.97507290	-0.22187851	-0.00166079	11.43529802	0.01182309	0.05942942	-0.99816249	-5.10029390	0.22156951	0.97326156	0.06057131	0.87685947	
0.97409441	-0.22613303	-0.00198368	11.42710210	0.01121102	0.05705011	-0.99830837	-5.09454978	0.22586367	0.97242436	0.05810738	0.87679003	
0.97312356	-0.23025968	-0.00331775	11.41938770	0.00954636	0.05473130	-0.99845548	-5.08875405	0.23008562	0.97158889	0.05545846	0.87734908	
0.97205216	-0.23471680	-0.00475644	11.41174274	0.00762510	0.05181524	-0.99862758	-5.08255725	0.23464112	0.97068183	0.05215685	0.87730322	
0.97101687	-0.23893969	-0.00583662	11.40353621	0.00619816	0.04958509	-0.99875067	-5.07674919	0.23893058	0.96976757	0.04962894	0.87827054	
0.97061423	-0.24052661	-0.00741400	11.39495496	0.00472588	0.04985603	-0.99874523	-5.07112477	0.24059444	0.96936130	0.04952767	0.87876627	
0.97075238	-0.23987744	-0.00993127	11.38709737	0.00288518	0.05301901	-0.99858934	-5.06555668	0.24006560	0.96935432	0.05216042	0.87908015	
0.97080816	-0.23957044	-0.01172654	11.37927056	0.00156398	0.05521115	-0.99847348	-5.05977260	0.23985217	0.96930786	0.05397412	0.87956814	
0.97058493	-0.24043627	-0.01246206	11.37152160	0.00143060	0.05752018	-0.99834332	-5.05387891	0.24075476	0.96895915	0.05617218	0.87967528	
0.97004217	-0.24258256	-0.01311044	11.36353273	0.00119685	0.05873787	-0.99827272	-5.04765138	0.24293363	0.96835095	0.05726855	0.88042160	
0.97032658	-0.24135952	-0.01455696	11.35476042	0.00050645	0.06223150	-0.99806161	-5.04248783	0.24179757	0.96843834	0.06050712	0.88106169	
0.97087331	-0.23894900	-0.01756120	11.34751160	-0.00135065	0.06783631	-0.99769555	-5.03696086	0.23958964	0.96865970	0.06553772	0.88137046	
0.97027160	-0.24122120	-0.01963049	11.33981650	-0.00236543	0.07165569	-0.99742662	-5.03070525	0.24200708	0.96782116	0.06895489	0.88110698	
0.96958708	-0.24384988	-0.02093172	11.33212523	-0.00341905	0.07202044	-0.99739730	-5.02441943	0.24472272	0.96713510	0.06899635	0.88148710	
0.96847193	-0.24816468	-0.02182696	11.32432769	-0.00370635	0.07325248	-0.99730654	-5.01786818	0.24909514	0.96594429	0.07002319	0.88259333	
0.96798387	-0.24989548	-0.02365318	11.31566937	-0.00405711	0.07864292	-0.99689459	-5.01235106	0.25097961	0.96507385	0.07511123	0.88367627	
0.96783232	-0.25027054	-0.02579247	11.30776008	-0.00423163	0.08630852	-0.99625947	-5.00652136	0.25156050	0.96432126	0.08247312	0.88373592	
0.96775123	-0.25042039	-0.02733489	11.29945811	-0.00448224	0.09137659	-0.99580632	-5.00083968	0.25186797	0.96381531	0.08730736	0.88325768	
0.96764672	-0.25074081	-0.02808695	11.29193846	-0.00509777	0.09186766	-0.99575818	-4.99482762	0.25225750	0.96368531	0.08761722	0.88324701	
0.96678938	-0.25400026	-0.02832248	11.28412635	-0.00556856	0.08985754	-0.99593906	-4.98838052	0.25551377	0.96302102	0.08545890	0.88311152	
0.96570616	-0.25809956	-0.02821753	11.27669437	-0.00598824	0.08651060	-0.99623293	-4.98174236	0.25956840	0.96223725	0.08199826	0.88394972	
0.96448170	-0.26245852	-0.02984262	11.26816538	-0.00716778	0.08693063	-0.99618858	-4.97548972	0.26405241	0.96101956	0.08196176	0.88529049	
0.96448613	-0.26228970	-0.03115465	11.25950635	-0.00726560	0.09156055	-0.99577300	-4.97021533	0.26403353	0.96063561	0.08640319	0.88540165	
0.96411985	-0.26355577	-0.03180039	11.25263996	-0.00718810	0.09382868	-0.99556241	-4.96374575	0.26537000	0.96007007	0.08856762	0.88531462	
0.96297140	-0.26763638	-0.03250937	11.24406300	-0.00771347	0.09318280	-0.99561914	-4.95758365	0.26949322	0.95900351	0.08766797	0.88536912	
0.96202299	-0.27093228	-0.03327873	11.23722844	-0.00858442	0.09182549	-0.99573811	-4.95097535	0.27283343	0.95820863	0.08601243	0.88615003	
0.96009465	-0.27740433	-0.03556829	11.22862401	-0.01015242	0.09252412	-0.99565868	-4.94435897	0.27949096	0.95628768	0.08601558	0.88689069	
